("Katharine%&%[2583])
("Such%&%[4261])
("That%&%[1599])
("To%&%[4005])
("by%&%[1525])
("external%&%[1595])
("to%&%[4005])
(&c.%&%[1531, 1551, 4117, 4167, 4243, 5020, 5070, 5291])
('Gainst%&%[2393])
('gainst%&%[427])
('pear%&%[4657])
('tis,%&%[1981])
('twere,—I%&%[5520])
((L.),%&%[5587])
((L.H.)%&%[816, 1001, 1942, 2200, 2319, 2844, 3202, 3222, 3318, 3375, 3563, 4316, 4488, 5498, 5589])
((L.H.),%&%[1793])
((R.)%&%[8, 70, 294, 311, 491, 603, 729, 1126, 1343, 1916, 1925, 2146, 2216, 2271, 2332, 2372, 2399, 2729, 2733, 2797, 3063, 3188, 3224, 3365, 3375, 3423, 3439, 3463, 3583, 3806, 4355, 4376, 4540, 4596, 4699, 4784, 4913, 5072, 5295, 5504, 5570, 5587, 5607, 5804])
((Returning.)%&%[3639])
((Sits%&%[3675])
((Supporting%&%[5777, 5779])
((Without.)%&%[1328, 1330, 1332, 1337, 2196, 4661])
((a%&%[2075])
((but%&%[2237])
((perhaps%&%[1773])
((which%&%[4037, 4273])
(100%&%[5584])
(102Ham.%&%[5723])
(104%&%[5875])
(12%&%[281])
(13King.%&%[329])
(18Ham.%&%[631])
(27%&%[1226])
(30%&%[1423])
(43Ham.%&%[2287])
(45%&%[2327])
(49%&%[2717])
(52%&%[2891])
(54We%&%[2969])
(57scorn%&%[3065])
(58Ham.%&%[3081])
(61Ham.%&%[3216])
(72Ham.%&%[3758])
(81%&%[4654])
(85%&%[4865])
(891st%&%[5108])
(93Hor.%&%[5265])
(9Mar.%&%[110])
(A%&%[3, 68, 177, 325, 458, 499, 573, 659, 698, 762, 1212, 1285, 1519, 1587, 1675, 1741, 2352, 2360, 2384, 2388, 2439, 2464, 2472, 2509, 2553, 2623, 2651, 2671, 2838, 3109, 3646, 3696, 3714, 3718, 3768, 3770, 3774, 3784, 3955, 3972, 3980, 3991, 4073, 4083, 4089, 4091, 4099, 4119, 4157, 4159, 4169, 4207, 4231, 4241, 4293, 4693, 4844, 4866, 4901, 5008, 5036, 5160, 5242, 5298, 5334, 5706, 5733])
(Abuses%&%[2541])
(Accost,%&%[2609])
(Acts%&%[4614])
(Admiration.]%&%[4147])
(Admit%&%[2071])
(Against%&%[507, 1292, 4197])
(Agitate%&%[1739])
(Ah,%&%[2206, 3371, 3698])
(All%&%[2033, 2178, 2693, 4015, 4517, 4550, 4715, 5020])
(All.%&%[3348])
(An%&%[1625, 1709, 2591, 2623, 2657, 3712, 4229, 5478])
(And,%&%[751, 984, 1825, 1841, 1848, 2753, 2855, 2938, 3148, 3543, 4295, 4427, 4645, 4873, 5304, 5428])
(Announce,%&%[1511])
(Apollo,%&%[1625])
(Approve%&%[1523])
(Arm'd%&%[575])
(Articulation.%&%[1543])
(Assay%&%[3941])
(Awake%&%[236])
(Barbary%&%[5546])
(Barr'd]%&%[1573])
(Black—night-like.%&%[1591])
(Bloody,%&%[2492])
(Bodes%&%[1539])
(Bodkin%&%[3972])
(Both%&%[1917, 3279, 4314, 4988])
(Brutus%&%[3168])
(But%&%[171, 323, 366, 381, 415, 440, 470, 497, 509, 599, 610, 836, 851, 995, 1058, 1163, 1179, 1193, 1310, 1365, 1376, 1452, 1603, 1633, 1773, 1926, 1973, 1983, 2021, 2036, 2044, 2127, 2222, 2346, 2376, 2431, 2486, 2731, 2892, 3032, 3200, 3269, 3273, 3411, 3455, 4310, 4353, 4364, 4556, 4626, 4793, 4905, 4932, 4944, 4956, 5064, 5086, 5104, 5139, 5277, 5454, 5487, 5518, 5572, 5597, 5650, 5851])
(Buz,%&%[2283, 2653])
(C.,%&%[5892])
(Calls%&%[3684])
(Capitol;%&%[3168])
(Caviare%&%[2677, 2677])
(Chances%&%[4968])
(Chanson]%&%[2663])
(Chaucer%&%[1737])
(Clown%&%[5122])
(Conceit%&%[4511, 4978])
(Conjures%&%[5379])
(Conjuring,%&%[1551])
(Contemptuousness,%&%[3968])
(Cool%&%[4245])
(Cop'd%&%[4061])
(Could%&%[2433, 2959, 3730, 5412])
(Custom%&%[5134])
(Cæsar%&%[3972])
(Cæsar's%&%[4083])
(Cæsar:68%&%[3168])
(Dan.%&%[4581, 4586])
(Denmark,43%&%[2253])
(Denmark?%&%[4459])
(Deposited%&%[1717])
(Depriv'd%&%[5360])
(Despoiled—bereft.%&%[1759])
(Disposed,%&%[3939])
(Disposition%&%[1787])
(Dowager%&%[2583])
(Down-a-down,22%&%[4687])
(Drama,%&%[2659])
(Each%&%[1681])
(Ecstasy!%&%[3875])
(Elsinore.%&%[2259])
(England%&%[3048, 3518])
(England.%&%[4091, 4400, 4417, 5206])
(Erring%&%[1563])
(Eternal%&%[1745])
(Exceedingly,%&%[5520])
(Exeunt%&%[419])
(Expostulate]%&%[2579])
(Extorted%&%[211, 1549])
(Extravagant%&%[1563])
(Farewell!%&%[5343])
(Favourable%&%[1661])
(Foils,%&%[5587])
(Follow%&%[1601, 2407, 4421, 4544, 5826])
(Fools%&%[1721])
(For%&%[22, 213, 364, 565, 758, 853, 861, 1390, 1408, 1846, 1991, 2160, 2289, 2444, 2521, 2613, 2659, 2779, 2867, 2875, 3020, 3089, 3146, 3208, 3252, 3359, 3523, 3917, 4091, 4400, 4403, 4437, 4697, 4821, 5012, 5048, 5080, 5162, 5166, 5178, 5190, 5194, 5491])
(Forged%&%[1751])
(Forth%&%[3825])
(Frame%&%[1723])
(Frame.%&%[2555])
(Fran.%&%[8, 12, 18, 22, 28, 37, 47, 54])
(France,%&%[305, 5572])
(Friends%&%[40, 4318])
(Front%&%[1667])
(Fruitless,%&%[1609])
(Garden.%&%[1749])
(Garnished%&%[4972])
(Gentlemen,%&%[2259])
(Ghost,%&%[139, 217, 3788, 3867])
(Give%&%[47, 56, 721, 828, 845, 1414, 1781, 3117, 3144, 3346, 4592, 5084, 5595, 5623, 5639, 5678, 5721, 5869])
(Given%&%[897, 1691])
(Globe%&%[2611])
(God!%&%[427, 427])
(Gonzago%&%[3316])
(Good%&%[333, 1351, 1904, 2011, 2206, 2768, 2919, 3377, 3393, 3423, 3907, 4540, 4650, 5466, 5739])
(Good.%&%[4409])
(Green;]%&%[1567])
(Guil.%&%[1925, 2202, 2216, 2235, 2257, 2261, 3377, 3381, 3385, 3389, 3393, 3397, 3401, 3405, 3439, 3443, 3447, 3455, 3529])
(Guildenstern!%&%[1878, 4314, 4370])
(Guildenstern.]%&%[2225, 2411, 4386])
(HAMLET,%&%[0])
(Habits%&%[2621])
(Hamblet.%&%[4193])
(Hamlet%&%[263, 409, 1124, 1486, 1587, 1773, 1783, 1938, 2009, 2064, 2315, 2613, 2615, 2665, 2669, 2779, 2844, 3059, 3350, 3375, 3435, 3583, 3867, 3933, 3953, 3978, 4157, 4320, 4829, 4849, 5038, 5120, 5202, 5206, 5383, 5485, 5589, 5662, 5768])
(Hamlet,——%&%[1330])
(Hamlet.%&%[891, 952, 2025, 2565, 3814, 4406, 4415, 4435, 4778])
(Hamlet:%&%[399, 4762, 5804, 5833])
(Hath%&%[1027, 2001, 2090, 3105, 5141, 5814])
(He%&%[88, 311, 540, 770, 912, 1657, 1809, 1821, 1827, 1835, 1844, 2245, 2452, 2729, 3018, 3344, 3565, 4093, 4111, 4388, 4480, 4482, 4711, 4717, 4817, 5096, 5831])
(He's%&%[2611, 4347])
(He.%&%[16])
(Heaven%&%[448, 525, 1332, 1491, 2198, 2981, 4009, 4009, 4507, 4721, 4723, 4974, 5841])
(Heaven's%&%[565, 1589, 2981])
(Heaven.%&%[1607, 4723])
(Hell%&%[1737])
(Her%&%[2785, 5300, 5302, 5315])
(Hercules%&%[5456])
(Hercules.%&%[466])
(Herod:47%&%[3061])
(Hey-day%&%[4219])
(Heywood,%&%[2583])
(Ho,%&%[4370])
(Hold,%&%[1306])
(Horatio,—or%&%[479])
(Horatio.]%&%[993, 3350])
(Horatio;%&%[5886])
(Howe'er%&%[4439, 4968])
(Hymen%&%[3228])
(I%&%[24, 37, 37, 74, 82, 128, 137, 149, 168, 230, 299, 303, 315, 317, 331, 352, 366, 401, 403, 450, 466, 470, 477, 479, 493, 501, 507, 513, 515, 517, 525, 527, 529, 538, 542, 546, 546, 558, 591, 608, 625, 674, 674, 691, 696, 701, 706, 712, 723, 738, 797, 814, 873, 879, 903, 922, 922, 942, 948, 954, 956, 970, 974, 995, 1015, 1063, 1070, 1113, 1119, 1131, 1136, 1145, 1148, 1154, 1163, 1167, 1202, 1239, 1245, 1326, 1386, 1394, 1398, 1456, 1484, 1495, 1499, 1507, 1531, 1531, 1577, 1577, 1589, 1629, 1629, 1707, 1797, 1801, 1814, 1816, 1850, 1858, 1892, 1906, 1934, 1944, 1948, 1952, 1967, 1969, 1977, 1977, 1983, 1997, 2011, 2021, 2023, 2023, 2023, 2044, 2046, 2048, 2048, 2054, 2060, 2062, 2066, 2092, 2097, 2103, 2134, 2152, 2162, 2168, 2176, 2178, 2178, 2178, 2187, 2187, 2189, 2214, 2214, 2214, 2218, 2227, 2237, 2237, 2237, 2241, 2249, 2263, 2263, 2273, 2277, 2279, 2305, 2307, 2307, 2317, 2317, 2321, 2321, 2321, 2399, 2417, 2425, 2452, 2472, 2484, 2486, 2490, 2511, 2531, 2531, 2589, 2599, 2599, 2599, 2627, 2627, 2651, 2753, 2798, 2804, 2808, 2815, 2840, 2923, 2925, 2927, 2929, 2934, 2961, 2965, 2967, 2969, 2969, 2969, 2969, 2969, 2981, 2981, 3004, 3004, 3032, 3061, 3061, 3061, 3061, 3061, 3063, 3065, 3065, 3069, 3087, 3089, 3119, 3123, 3129, 3131, 3146, 3158, 3160, 3168, 3168, 3184, 3240, 3240, 3244, 3267, 3281, 3291, 3324, 3324, 3369, 3395, 3401, 3403, 3407, 3425, 3441, 3443, 3445, 3447, 3449, 3451, 3455, 3455, 3457, 3477, 3477, 3479, 3493, 3505, 3512, 3516, 3520, 3555, 3579, 3613, 3633, 3640, 3661, 3667, 3675, 3754, 3843, 3852, 3881, 3883, 3921, 3923, 3925, 3929, 4005, 4007, 4077, 4083, 4127, 4127, 4225, 4249, 4251, 4273, 4331, 4413, 4437, 4445, 4466, 4540, 4540, 4540, 4544, 4584, 4632, 4634, 4652, 4723, 4729, 4750, 4768, 4776, 4776, 4776, 4793, 4797, 4871, 4875, 4887, 4932, 4942, 4988, 4988, 5010, 5016, 5074, 5080, 5104, 5110, 5114, 5124, 5145, 5170, 5180, 5182, 5202, 5226, 5240, 5249, 5249, 5249, 5332, 5347, 5349, 5362, 5391, 5393, 5395, 5404, 5410, 5454, 5462, 5487, 5489, 5491, 5502, 5508, 5510, 5512, 5522, 5536, 5536, 5538, 5546, 5556, 5558, 5560, 5560, 5560, 5562, 5566, 5572, 5572, 5572, 5578, 5595, 5603, 5608, 5614, 5619, 5648, 5648, 5733, 5746, 5746, 5760, 5762, 5785, 5794, 5814, 5818, 5841, 5847, 5849, 5860, 5886])
(I.%&%[2])
(I.101%&%[1739])
(I.105%&%[1747])
(I.109%&%[1755])
(I.11%&%[1529])
(I.112%&%[1761])
(I.116%&%[1769])
(I.123%&%[1783])
(I.15%&%[1537])
(I.19%&%[1545])
(I.2%&%[1511])
(I.22%&%[1563])
(I.26%&%[1571])
(I.33%&%[1591])
(I.37%&%[1599])
(I.40%&%[1605])
(I.44%&%[1613])
(I.48%&%[1621])
(I.51%&%[1627])
(I.55%&%[1635])
(I.59%&%[1649])
(I.6%&%[1519])
(I.62%&%[1655])
(I.66%&%[1663])
(I.73%&%[1677])
(I.77%&%[1685])
(I.80%&%[1691])
(I.84%&%[1705])
(I.88%&%[1713])
(I.91%&%[1719])
(I.95%&%[1727])
(I.99%&%[1735])
(I:%&%[5426])
(II.10%&%[2579])
(II.14%&%[2587])
(II.18%&%[2595])
(II.21%&%[2601])
(II.25%&%[2609])
(II.29%&%[2617])
(II.3%&%[2557])
(II.32%&%[2623])
(II.36%&%[2631])
(II.43%&%[2645])
(II.47%&%[2653])
(II.50%&%[2659])
(II.54%&%[2667])
(II.58%&%[2675])
(II.61%&%[2681])
(II.65%&%[2695])
(II.69%&%[2703])
(II.7%&%[2573])
(II.72%&%[2709])
(II.—HALL%&%[5484])
(III%&%[3937])
(III.%&%[2719])
(III.103%&%[4167])
(III.107%&%[4175])
(III.110%&%[4181])
(III.114%&%[4189])
(III.118%&%[4197])
(III.121%&%[4203])
(III.125%&%[4217])
(III.129%&%[4229])
(III.13%&%[3966])
(III.132%&%[4241])
(III.136%&%[4249])
(III.17%&%[3974])
(III.2%&%[3941])
(III.20%&%[3980])
(III.24%&%[3993])
(III.28%&%[4003])
(III.31%&%[4009])
(III.35%&%[4017])
(III.39%&%[4025])
(III.42%&%[4031])
(III.46%&%[4039])
(III.53%&%[4053])
(III.57%&%[4061])
(III.6%&%[3949])
(III.60%&%[4067])
(III.64%&%[4075])
(III.68%&%[4083])
(III.71%&%[4089])
(III.75%&%[4097])
(III.79%&%[4105])
(III.82%&%[4115])
(III.86%&%[4123])
(III.93%&%[4147])
(III.97%&%[4155])
(IN%&%[258, 746, 1792, 1875, 2720, 3509, 4278, 5484, 5586])
(IV%&%[4950])
(IV.%&%[4277])
(IV.11%&%[4972])
(IV.15%&%[4980])
(IV.19%&%[4988])
(IV.2%&%[4954])
(IV.22%&%[4994])
(IV.26%&%[5002])
(IV.33%&%[5016])
(IV.37%&%[5024])
(IV.40%&%[5030])
(IV.44%&%[5038])
(IV.48%&%[5046])
(IV.51%&%[5052])
(IV.6%&%[4962])
(If%&%[33, 193, 197, 203, 348, 708, 714, 778, 789, 901, 1183, 1281, 1468, 1908, 2054, 2103, 2307, 2321, 2599, 2977, 3046, 3285, 3401, 3669, 3671, 3744, 3995, 4029, 4165, 4165, 4802, 4827, 4903, 5080, 5084, 5090, 5578, 5662, 5878])
(Imperial%&%[5269])
(In%&%[114, 126, 168, 175, 378, 383, 536, 571, 589, 661, 934, 1314, 1535, 1535, 1613, 1631, 1635, 1649, 1767, 2007, 2210, 2261, 2557, 2575, 2585, 2587, 2649, 2649, 3121, 3150, 3259, 3677, 3761, 3972, 4041, 4049, 4053, 4075, 4075, 4113, 4143, 4189, 4223, 4239, 4253, 4289, 4384, 4954, 4982, 5004, 5030, 5038, 5046, 5124, 5674, 5808])
(Incorrect%&%[1607])
(Indeed,%&%[519, 631, 2187, 2963, 4526, 5526])
(Interpret.%&%[4952])
(Itself%&%[614])
(John,%&%[2699])
(Juvenal,%&%[2615])
(Keep%&%[1667])
(King,%&%[1017, 1876, 3510, 3533, 3560, 4441, 5291, 5828])
(L.H.)%&%[2267, 4695])
(L.H.U.E.]%&%[3581, 3933, 5118, 5796])
(L.H.]%&%[58, 217, 256, 744, 887, 1304, 1503, 1873, 2192, 2409, 2423, 2802, 3006, 3057, 3073, 3214, 3302, 3459, 3533, 3551, 4441, 5568, 5582])
(Lack%&%[2705])
(Laertes'%&%[824])
(Laertes;%&%[319, 5526])
(Laertes?%&%[292, 5530, 5781])
(Lawful%&%[3949])
(Letters,%&%[4762])
(Longer.%&%[689])
(Look,%&%[1003, 1054, 2395, 3565, 3865])
(Lord%&%[1330, 1803, 2064])
(Lying%&%[4087])
(MORE%&%[1123])
(Made%&%[5028])
(Madness%&%[3055])
(Making%&%[1036])
(Malechor,%&%[4095])
(Malignant%&%[1729])
(Mallecho%&%[4095])
(Marcellus.]%&%[601, 1121])
(Marcellus?%&%[487])
(March.%&%[259, 3154])
(Mark%&%[1128, 2121])
(Marry,%&%[893, 924, 3316, 5110])
(May%&%[1199, 1488, 2533, 3947, 5332])
(May'st%&%[4962])
(Meaning,%&%[1589])
(Merely.]%&%[1623])
(Merry%&%[4189])
(Midland%&%[1587])
(Millions%&%[5430])
(Mine,%&%[5172])
(Mobled%&%[2691])
(Model%&%[2633])
(More%&%[999, 1869, 1888, 1975, 2543, 2563, 2715])
(Mourners%&%[5291])
(Much%&%[2401, 3572])
(Murder%&%[1191])
(Must%&%[450, 1138, 2871, 3959, 4394, 5319])
(Naked,—%&%[4786])
(Nares%&%[1757])
(Neither%&%[859])
(Neptune's%&%[3226])
(Nighted%&%[1591])
(No%&%[413, 768, 1275, 1615, 2589, 2857, 2896, 3765, 3781, 3978, 4744, 4746, 5018, 5040, 5322, 5806])
(No.%&%[5701])
(Nor%&%[356, 503, 1361, 2733, 3012, 3061, 3275, 3854, 5837])
(Notes%&%[1506, 2550, 3936, 4949])
(O'er%&%[3016])
(O'er-doing%&%[4039])
(O,%&%[50, 207, 209, 421, 654, 812, 1017, 1181, 1222, 1233, 1279, 1279, 1348, 1797, 1952, 2291, 2317, 2427, 2496, 2836, 2975, 2985, 3002, 3061, 3065, 3071, 3085, 3180, 3190, 3255, 3308, 3363, 3433, 3439, 3499, 3633, 3644, 3690, 3750, 3763, 3804, 3812, 3901, 3903, 4552, 4590, 4687, 4913, 5128, 5130, 5164, 5176, 5238, 5273, 5330, 5354, 5416, 5849, 5886])
(Obstinate%&%[1605])
(Occulted%&%[4071])
(Olympus.%&%[5372])
(Once%&%[3913])
(Ophelia!%&%[1795, 4461, 4524, 4661, 4669, 5339])
(Ophelia.]%&%[2823, 3287])
(Ophelia:5%&%[2783])
(Ophelia:]%&%[3947])
(Or,%&%[930, 1989, 2977])
(Osric;%&%[5783])
(Outspread,%&%[1541])
(POLONIUS'S%&%[746, 1792])
(Pansies%&%[5000])
(Passing%&%[343])
(Patience%&%[4085])
(Peace!%&%[5496])
(Peculiar%&%[5026])
(Perpend.]%&%[2581])
(Pharaoh's%&%[4215])
(Pluck%&%[5399])
(Pol.%&%[311, 818, 889, 893, 916, 924, 936, 942, 1795, 1799, 1811, 1818, 1850, 1862, 1944, 1954, 1977, 2011, 2040, 2044, 2090, 2099, 2112, 2119, 2134, 2142, 2146, 2150, 2154, 2158, 2162, 2168, 2172, 2176, 2182, 2187, 2191, 2196, 2267, 2277, 2281, 2285, 2289, 2293, 2301, 2307, 2311, 2332, 2372, 2380, 2395, 2399, 2405, 2757, 2819, 2840, 3032, 3164, 3168, 3180, 3463, 3467, 3471, 3475, 3479, 3537, 3565, 3621, 3632])
(Politick%&%[4958])
(Polonius,%&%[261, 419, 2192, 2842, 3154, 3162, 3483, 3560, 3659])
(Pranks%&%[4187])
(Prescribed%&%[1655])
(Priam.—%&%[2368])
(Pro.%&%[3206])
(Probably%&%[1519, 5004])
(Prologue%&%[3202])
(Prompted%&%[2503])
(Pyrrhus%&%[2344])
(Pyrrhus:%&%[2323])
(Quality;]%&%[2675])
(R.)%&%[5134, 5777])
(R.C.,%&%[4725])
(R.H.35]%&%[2983])
(R.H.U.E.]%&%[2842, 5828])
(R.]%&%[132, 495, 2185, 2229, 2265, 3067, 3265, 4328, 4546, 5200])
(Random%&%[1775])
(Receiv'd%&%[2038])
(Receive%&%[1781])
(Requite%&%[4868])
(Revisits%&%[1034])
(Rhenish%&%[984, 5242])
(Rights%&%[2621])
(Rivals,%&%[1515])
(Robustious%&%[4035, 4035])
(Roman%&%[181, 5860])
(Rome,——%&%[2279])
(Rosencrantz:%&%[2269])
(STATE%&%[258])
(Sailors,%&%[4768])
(Saint%&%[1402, 1777, 4515])
(Save%&%[3790, 4563])
(Saw%&%[548])
(Say,%&%[64, 1042])
(Season%&%[555, 1643, 1687])
(See,%&%[3708])
(Seems,%&%[352])
(Seneca%&%[2289, 2657, 2657])
(Sensible%&%[4992])
(Sentiment,%&%[1681])
(Shoon%&%[4970])
(Should%&%[4673, 5275])
(Show%&%[803])
(Shrink,%&%[2713])
(Sits%&%[411, 1611])
(Skin%&%[4265])
(Slander%&%[1707])
(Stay!—speak!—speak,%&%[137])
(Steevens%&%[1587, 2663])
(Suggested%&%[1693])
(Sweets%&%[5343])
(THE%&%[258, 1123, 1875, 2720, 3509, 4278, 5484, 5586, 5898])
(THIRD.%&%[3935])
(Tears%&%[2437])
(Tell%&%[3567])
(Tellus%&%[4101])
(Than%&%[466, 1450, 1923, 2900, 4005])
(That's%&%[2005, 2158, 2380, 3263, 5544])
(That,%&%[86, 1261, 1902, 2435, 3800])
(The%&%[35, 108, 179, 232, 240, 265, 279, 481, 553, 597, 766, 774, 787, 820, 832, 963, 982, 986, 988, 1218, 1231, 1257, 1263, 1298, 1497, 1513, 1515, 1563, 1575, 1615, 1621, 1669, 1733, 1735, 1743, 1882, 1950, 2281, 2289, 2299, 2323, 2325, 2348, 2354, 2378, 2401, 2460, 2531, 2543, 2553, 2569, 2577, 2577, 2583, 2585, 2615, 2639, 2639, 2641, 2659, 2661, 2663, 2663, 2667, 2673, 2673, 2689, 2689, 2691, 2697, 2697, 2833, 2851, 2859, 2877, 2879, 2881, 2894, 2914, 2987, 2990, 2992, 3034, 3293, 3306, 3316, 3326, 3357, 3381, 3397, 3501, 3549, 3694, 3706, 3736, 3802, 3867, 3925, 3964, 3966, 3978, 3978, 3997, 4019, 4019, 4023, 4023, 4037, 4037, 4039, 4039, 4043, 4047, 4069, 4069, 4081, 4097, 4107, 4107, 4109, 4117, 4123, 4125, 4127, 4131, 4137, 4151, 4157, 4179, 4181, 4183, 4201, 4203, 4231, 4241, 4297, 4308, 4398, 4435, 4565, 4567, 4855, 4938, 4960, 4966, 4970, 4976, 4982, 4984, 4986, 5060, 5102, 5279, 5283, 5385, 5458, 5493, 5546, 5550, 5552, 5554, 5668, 5682, 5684, 5737, 5794, 5810, 5820, 5888, 5890])
(Then%&%[649, 776, 1823, 2152, 2210, 2287, 2655, 3194, 3409, 3477, 4528])
(Thence%&%[1689, 2079])
(This?%&%[5244])
(Those%&%[1719, 3966])
(Though%&%[263, 742, 2182, 4155, 4169, 4169])
(Thought%&%[4699, 5014, 5014])
(Thy%&%[1173, 2667, 3338, 4415, 5506, 5816])
(Till%&%[740, 1160, 5308, 5362, 5368, 5480])
(Touching%&%[80, 1404])
(Trains,%&%[5291])
(Trappings]%&%[1597])
(Trifling%&%[1663])
(Tropically.82%&%[3316])
(Trumpet%&%[259])
(Tweaks%&%[2478])
(Unite%&%[3230])
(Unprevailing]%&%[1609])
(Unsifted83%&%[918])
(Unsifted]%&%[1701])
(V.—A%&%[1123])
(VI.,%&%[2583])
(Vulcan's%&%[3144, 4073])
(Was%&%[3014, 5094])
(We'll%&%[511, 2317, 2317, 2417, 4851, 4893, 5474])
(Were%&%[1961, 2214])
(Where's%&%[2969, 4382])
(Which%&%[928, 1595, 2073, 2607, 3129, 3525, 4289, 4501, 5397])
(Which,%&%[205])
(While%&%[683, 3429, 4970])
(Whilst,%&%[805])
(White%&%[4497])
(William%&%[2653])
(Within%&%[583, 1322, 2107])
(Witless%&%[1705])
(Wits%&%[2709])
(Wittenberg.%&%[401])
(Words,%&%[2170])
(Would%&%[525, 1169, 3497, 3740, 3839, 3885])
(Writer%&%[4089])
(Yes,%&%[1402])
(Yourself%&%[1689])
([Crosses%&%[22, 489, 544, 601, 712, 875, 993, 1493, 2168, 2185, 2206, 2229, 2265, 2403, 2411, 3067, 3459, 3829, 4536])
([Crosses,%&%[2180])
([Dies.]%&%[5839])
([Draws.]%&%[3626])
([Exit%&%[58, 139, 217, 887, 2192, 2409, 2423, 2817, 2983, 3006, 3073, 3373, 3483, 3867, 3927, 3933, 4341, 4390, 4441, 4455, 4546, 4725, 5118, 5464, 5468])
([Exit,%&%[744, 1304, 2547, 3214, 3302, 4419, 4542, 4774, 5460, 5568])
([Gives%&%[5259])
([Goes%&%[2166, 3655])
([Grappling%&%[5387])
([Laertes%&%[5768, 5802])
([Laying%&%[824])
([Noise%&%[4575])
([Queen%&%[4618])
([Retiring%&%[5289])
([Rises%&%[3421])
([Scattering%&%[5345])
([Singing.]%&%[4464])
([Trumpets%&%[5719, 5741])
([taking%&%[2222])
([—Ophelia%&%[2912])
(a%&%[29, 227, 230, 282, 335, 364, 374, 383, 387, 393, 405, 405, 423, 442, 444, 454, 538, 540, 555, 683, 760, 760, 766, 805, 840, 859, 859, 916, 924, 930, 965, 991, 997, 1007, 1013, 1056, 1070, 1074, 1117, 1121, 1156, 1167, 1214, 1233, 1241, 1253, 1267, 1312, 1374, 1446, 1486, 1509, 1519, 1537, 1555, 1557, 1571, 1575, 1575, 1589, 1625, 1625, 1625, 1625, 1635, 1639, 1643, 1647, 1665, 1665, 1677, 1687, 1711, 1727, 1727, 1737, 1753, 1757, 1773, 1773, 1773, 1773, 1781, 1783, 1783, 1783, 1807, 1835, 1910, 1914, 1981, 1997, 2005, 2005, 2019, 2042, 2056, 2064, 2077, 2079, 2090, 2119, 2125, 2127, 2148, 2152, 2160, 2160, 2160, 2164, 2168, 2178, 2178, 2187, 2214, 2218, 2222, 2237, 2237, 2237, 2237, 2263, 2263, 2271, 2291, 2293, 2307, 2317, 2317, 2317, 2317, 2321, 2360, 2386, 2397, 2407, 2417, 2417, 2427, 2431, 2431, 2468, 2472, 2501, 2505, 2507, 2507, 2513, 2535, 2567, 2567, 2567, 2583, 2599, 2601, 2611, 2611, 2611, 2613, 2613, 2613, 2613, 2613, 2613, 2613, 2613, 2623, 2627, 2637, 2637, 2645, 2651, 2651, 2651, 2651, 2651, 2653, 2655, 2655, 2663, 2667, 2667, 2671, 2671, 2671, 2677, 2699, 2699, 2699, 2701, 2735, 2749, 2768, 2853, 2857, 2861, 2887, 2889, 2921, 2961, 2961, 2969, 2969, 2969, 2977, 2977, 2977, 2981, 2985, 3012, 3059, 3061, 3061, 3061, 3061, 3065, 3071, 3081, 3115, 3125, 3140, 3164, 3170, 3170, 3176, 3190, 3194, 3194, 3194, 3202, 3202, 3216, 3216, 3222, 3222, 3281, 3295, 3316, 3316, 3322, 3363, 3377, 3379, 3401, 3407, 3411, 3437, 3457, 3457, 3465, 3467, 3469, 3471, 3473, 3475, 3545, 3593, 3613, 3624, 3628, 3644, 3648, 3650, 3688, 3690, 3708, 3716, 3718, 3722, 3726, 3744, 3768, 3776, 3911, 3955, 3955, 3955, 3972, 3974, 3978, 3980, 3980, 3995, 4005, 4017, 4017, 4035, 4039, 4039, 4039, 4041, 4041, 4043, 4053, 4055, 4055, 4067, 4087, 4087, 4089, 4089, 4091, 4095, 4095, 4097, 4097, 4099, 4117, 4117, 4121, 4123, 4123, 4137, 4143, 4163, 4169, 4169, 4169, 4171, 4179, 4179, 4193, 4199, 4199, 4211, 4223, 4231, 4235, 4239, 4241, 4241, 4261, 4265, 4273, 4273, 4293, 4380, 4413, 4484, 4486, 4509, 4520, 4532, 4565, 4610, 4671, 4679, 4695, 4695, 4695, 4789, 4809, 4815, 4819, 4825, 4842, 4844, 4853, 4863, 4866, 4875, 4877, 4893, 4915, 4915, 4942, 4970, 4976, 4976, 4982, 4982, 4986, 5000, 5002, 5004, 5006, 5006, 5008, 5008, 5018, 5036, 5038, 5050, 5052, 5052, 5054, 5054, 5090, 5094, 5102, 5106, 5106, 5106, 5116, 5116, 5134, 5147, 5149, 5149, 5160, 5160, 5162, 5164, 5166, 5168, 5170, 5170, 5176, 5178, 5186, 5198, 5200, 5228, 5230, 5234, 5234, 5234, 5238, 5242, 5242, 5249, 5249, 5249, 5263, 5267, 5267, 5271, 5275, 5326, 5360, 5368, 5434, 5441, 5476, 5506, 5508, 5520, 5526, 5536, 5554, 5576, 5576, 5580, 5580, 5580, 5587, 5597, 5599, 5630, 5654, 5688, 5706, 5733, 5762, 5783, 5796, 5860, 5867, 5873])
(a-dreams,67%&%[2466])
(a-dreams,]%&%[2699])
(aboard,%&%[818, 818])
(about%&%[225, 2663, 2751, 3437, 4003, 4017, 4161, 5116, 5170, 5572])
(above%&%[865, 2321, 2677])
(abruptly%&%[1773])
(abuses,%&%[1529])
(accordance%&%[2695])
(act?%&%[3701])
(actor%&%[2279, 2287, 2655, 4039])
(acts%&%[2567, 4123])
(acts.%&%[4123])
(adieu!%&%[1302])
(adjective%&%[1575, 1575])
(admit%&%[2957, 3995])
(admonitions.%&%[4243])
(adopted%&%[1719])
(advantage%&%[4039, 4183])
(advocate%&%[2623])
(afeard%&%[5762])
(affection,68%&%[783])
(affliction%&%[2793, 3397])
(again.]%&%[1052])
(again;%&%[2942])
(again?%&%[4703, 4705])
(against.%&%[1637])
(age,%&%[1523, 2567, 4011, 4043, 5139])
(agreeing;%&%[3330])
(ah,%&%[5128])
(aim.%&%[1775])
(air.]%&%[1709])
(air;%&%[1245])
(airs%&%[1009])
(alarm%&%[2388])
(all%&%[341, 360, 403, 432, 462, 540, 575, 736, 742, 940, 1277, 1318, 1318, 1320, 1374, 1484, 1733, 1773, 1773, 1777, 1803, 1823, 1837, 2083, 2237, 2237, 2435, 2442, 2490, 2553, 2764, 2916, 2981, 2992, 3040, 3046, 3061, 3852, 3895, 4041, 4127, 4197, 4251, 4251, 4312, 4499, 4540, 4579, 4643, 4695, 4697, 4723, 4780, 4859, 4881, 4990, 4990, 5012, 5042, 5042, 5202, 5412, 5510, 5654, 5666])
(all's%&%[5572])
(all,—%&%[946])
(all.%&%[1977])
(all:%&%[2317])
(allow,%&%[1627])
(allowance,]%&%[4049])
(allusion%&%[1589, 1625, 4011, 4051, 4143, 4171, 4239])
(alone.%&%[1050, 1649, 2425, 4789])
(along%&%[82, 3518])
(always%&%[1249, 4003, 4039, 4041])
(ambition%&%[3071])
(ambitious%&%[162])
(amusement%&%[1665])
(an%&%[434, 558, 721, 965, 1259, 1376, 1406, 1460, 1468, 1470, 1521, 1565, 1575, 1575, 1589, 1617, 1645, 1665, 1773, 1773, 2005, 2227, 2237, 2253, 2271, 2279, 2321, 2499, 2577, 2579, 2611, 2611, 2627, 2651, 2653, 2659, 2661, 2825, 3591, 3680, 3686, 3761, 3953, 3970, 3972, 4011, 4035, 4091, 4171, 4193, 4199, 4526, 4526, 4673, 4687, 4875, 4926, 4956, 4994, 5002, 5012, 5080, 5080, 5249, 5376, 5434, 5526, 5670, 5808, 5860])
(and,%&%[236, 248, 313, 577, 2079, 2237, 2386, 2535, 3250, 3978, 4135, 4866, 4990, 5116])
(angel%&%[5334])
(anger.%&%[661])
(another%&%[1587, 1773, 4143, 4468, 5096])
(another's%&%[4909])
(another.%&%[2637, 4009, 4039, 5652])
(another:%&%[5170])
(answer.63%&%[5554])
(antic%&%[2647])
(anticipation%&%[2237, 2629])
(antique%&%[2338, 5860])
(apparent%&%[4017])
(apparition%&%[86, 597])
(appeal.%&%[2623])
(applicable%&%[2611])
(apprehension,]%&%[4954])
(are!%&%[2187])
(argal,%&%[5084, 5104])
(argal,6%&%[5080])
(aright%&%[5853])
(armour),%&%[5018])
(arms,%&%[2325])
(arras-hangings,%&%[4179])
(arras."%&%[4189])
(arrow%&%[5603])
(ask%&%[4513, 4847])
(ass%&%[2499, 5116, 5149])
(assail%&%[92])
(assay%&%[2741])
(assumes%&%[1783])
(assurance%&%[3722])
(astonishment%&%[1647])
(attachment%&%[4017])
(attended,%&%[5468])
(attentively.%&%[2581])
(aught.%&%[2934])
(aught:%&%[1292])
(auspices%&%[1777])
(auspicious%&%[1585])
(author%&%[2681])
(avoid%&%[3061, 3899])
(avoid,%&%[205])
(away;%&%[618])
(awe,%&%[5273])
(awhile;%&%[2011, 3289])
(baby;%&%[924])
(bad%&%[2397, 3931])
(baffled;%&%[1571])
(bak'd%&%[521])
(base%&%[1084, 1731, 5263])
(baser%&%[1324])
(bawdy%&%[2492])
(be,%&%[348, 1470, 1886, 1957, 2088, 2846, 2846, 3427, 3953, 3953, 4091, 5076, 5334])
(beaten%&%[2210])
(become%&%[1587, 2553])
(bed%&%[1283, 4229])
(bed.%&%[1761, 2667, 3413])
(befitted%&%[265])
(before%&%[3, 577, 1525, 1809, 2755, 3125, 4368, 5230])
(before.%&%[2653])
(began%&%[2653])
(begin%&%[2321, 4135])
(behold!%&%[185])
(being:%&%[1839])
(bellow%&%[3328, 4133])
(below%&%[2354])
(bend%&%[305, 3821])
(bent.105%&%[3477])
(bent:%&%[4063])
(besides.%&%[2595])
(bestowed,%&%[4359])
(between]%&%[1695])
(beyond%&%[1040])
(bid%&%[35, 712])
(blame.%&%[5818])
(blasts%&%[1009])
(blazon]%&%[1745])
(blench,74%&%[2529])
(blessing%&%[822, 871, 3917, 4271, 4273, 4273])
(blessing,%&%[1589, 2613])
(blind%&%[4161])
(blood126%&%[3736])
(blood]%&%[4219])
(bloody%&%[3644, 3646])
(blows%&%[2476])
(blush?%&%[3742])
(bodes%&%[173])
(body;%&%[1263])
(bold%&%[2354])
(bold.%&%[4187])
(book%&%[1322])
(book.%&%[2599])
(book;]%&%[2599])
(born%&%[1499])
(borrowing%&%[863])
(bosom,]%&%[2585])
(both%&%[593, 861, 1926, 2249, 2249, 2812, 3065, 3148, 4287, 4337, 4634])
(both:%&%[5648])
(bottom%&%[4121])
(bought%&%[4875])
(bounds.%&%[1563])
(bowed%&%[4063])
(boy!%&%[1339])
(brains!72%&%[2511])
(branches;%&%[5080])
(break.79%&%[3269])
(breast:%&%[3257])
(breathe%&%[4167])
(breeder%&%[2613, 2969])
(brevity%&%[1963])
(brief:—Your%&%[1967])
(broad113%&%[3567])
(broad]%&%[4187])
(brood;%&%[3016])
(brook.%&%[4930])
(brother.124%&%[3728])
(brother.]%&%[4213])
(brothers.%&%[3706])
(brought%&%[4766])
(brows"%&%[4199])
(buffets%&%[3109])
(bulk,]%&%[2555])
(burial.%&%[5074, 5090])
(burnt%&%[1163])
(but%&%[76, 368, 464, 631, 721, 768, 830, 840, 845, 847, 1019, 1143, 1216, 1275, 1396, 1402, 1431, 1444, 1589, 1635, 1773, 1773, 1773, 1961, 1971, 1971, 2005, 2023, 2164, 2208, 2210, 2214, 2259, 2263, 2321, 2961, 2965, 2969, 2973, 2981, 3061, 3061, 3061, 3065, 3065, 3091, 3190, 3261, 3308, 3312, 3316, 3350, 3407, 3429, 3505, 3759, 3808, 3857, 3891, 3893, 3907, 3978, 4001, 4015, 4017, 4051, 4089, 4251, 4349, 4380, 4509, 4513, 4540, 4540, 4612, 4695, 4831, 4877, 4885, 4901, 4956, 5018, 5082, 5084, 5092, 5155, 5267, 5277, 5304, 5560, 5572, 5576, 5576, 5758, 5845, 5847])
(by,%&%[2637])
(call'd:—unhand%&%[1113])
(call't%&%[4750])
(calls%&%[2474, 4111, 4899])
(cannoneer%&%[5682])
(cannot%&%[468, 1892, 2289, 2484, 2657, 2965, 3065, 3158, 3455, 3457, 3457, 3734, 4169, 4169, 4169, 4361, 4540, 5080, 5114, 5520])
(cannot,%&%[2189, 4273])
(canoniz'd%&%[1021])
(canst%&%[869, 3744, 4221])
(capable.135%&%[3839])
(capable.]%&%[4247])
(care%&%[2613])
(carpenter?%&%[5100, 5106])
(carriages,%&%[5546, 5546, 5550])
(cart76%&%[3224])
(cart]%&%[4099])
(cast,%&%[4023])
(catechism,%&%[4151])
(cause%&%[1950, 1987, 1989, 2731, 2806, 3423, 3837, 5853])
(cause,%&%[4604])
(cause,68%&%[2466])
(cease%&%[4103])
(celebrated%&%[4039])
(censure%&%[3065, 3150, 4047, 4047, 4075])
(censure,75%&%[847])
(centre%&%[4546])
(cerements;91%&%[1023])
(chair%&%[3176, 3375, 3867])
(changèd%&%[1936])
(chapter%&%[4215])
(character%&%[2553, 3989, 3995])
(character.%&%[2699, 4067])
(charmes%&%[1551])
(chastity%&%[3995])
(cheer%&%[3238])
(cheerfully%&%[3190])
(cherub%&%[4413])
(chide,%&%[3798])
(chief%&%[857])
(chiefest%&%[397, 1589])
(chioppine%&%[2671])
(choose%&%[4540, 4863])
(chopine.]%&%[2671])
(christian.11%&%[5092])
(churches%&%[4093])
(circumstance%&%[1384, 3127])
(circumstance.%&%[918])
(clay%&%[5164, 5176])
(clear%&%[4199])
(close;%&%[4544])
(closely%&%[2599, 2779, 3945, 4185])
(clothe%&%[3093])
(cloud%&%[3465])
(clout%&%[2384])
(clown,%&%[4055])
(coach!%&%[4540])
(collected,%&%[3334])
(colour]%&%[1591])
(coloured%&%[2671])
(columbines:26%&%[4695])
(com'st%&%[1013])
(combated.%&%[162])
(combination,%&%[3718])
(come.]%&%[1771])
(comes.%&%[597, 814])
(coming.%&%[3579])
(coming:%&%[2840])
(command:%&%[2342, 3407])
(commandment:%&%[3401])
(commencement%&%[3034])
(commendable%&%[370])
(commerce%&%[2959])
(common%&%[1521, 1675, 1741, 2637, 4035, 4087, 4239, 4976, 5004, 5052])
(common,%&%[341])
(companies%&%[1896])
(compare%&%[5536])
(compared%&%[1625])
(conceit?65%&%[2442])
(conclude%&%[2567])
(concludes:—"but%&%[1773])
(confess%&%[2729, 5096, 5536])
(confess,%&%[303])
(confounds%&%[1527])
(confront.%&%[3947])
(confusion?%&%[2727])
(congregated%&%[2689])
(considering%&%[1773])
(consonancy%&%[2222])
(constitution%&%[4001])
(contemporaries%&%[3999])
(contemporaries,%&%[4011])
(contend%&%[4287])
(content%&%[2764, 4733])
(contests%&%[4231])
(continue%&%[3953])
(contracted%&%[269])
(contracts.%&%[4201])
(contrition%&%[5004])
(contriving,%&%[4859])
(converse.%&%[1715])
(conveyed%&%[2599, 5796])
(cool%&%[3833])
(cop'd%&%[3083])
(core,%&%[3121])
(cornet%&%[4924])
(corresponding%&%[4137])
(cost%&%[5155])
(could%&%[1167, 1531, 2178, 2187, 2222, 2253, 2623, 2671, 2969, 3103, 3324, 3324, 3493, 4127, 4127, 4685, 4827, 4831, 5149, 5552, 5849])
(could,%&%[1468, 2417])
(countenance%&%[659, 938, 4314, 5092])
(couplets%&%[5445])
(course%&%[104, 383, 1535, 2577, 4181])
(course,%&%[3966, 5054])
(courtier,%&%[397, 1589])
(cousin%&%[323, 1587, 3156])
(cousin,%&%[397, 1587, 1587])
(credent%&%[778])
(crew%&%[616])
(crew.%&%[225])
(cried%&%[4825])
(crown.%&%[1220])
(crucifix.%&%[4191])
(cruel,%&%[3503, 3929])
(cuckold%&%[4598])
(cup;%&%[5678, 5748])
(cure%&%[4437])
(curls;122%&%[3710])
(curls;]%&%[4205])
(current.%&%[3970])
(cursing,%&%[2507])
(cursèd%&%[1497])
(cutpurse%&%[3774])
(cómplete%&%[1032])
(daggers%&%[3505])
(dais,%&%[5587])
(daisy:]%&%[5008])
(dally;%&%[5758])
(dallying.87%&%[3324])
(damn'd%&%[2472])
(damn'd,%&%[1007])
(danger%&%[785, 1773, 1783, 4239])
(dar'st%&%[3675])
(darkly%&%[1731])
(dead!%&%[3628])
(death,]%&%[1717])
(death;%&%[2356])
(decorum%&%[2679])
(deed!%&%[4300])
(deed!—almost%&%[3646])
(default%&%[1737])
(defeat%&%[2472])
(defective%&%[1991])
(defenceless.%&%[5024])
(defiance.%&%[2669])
(define%&%[1969])
(degrees,%&%[4155])
(deities,%&%[4039])
(delicate%&%[5546])
(delight%&%[2243, 2247])
(deliver%&%[5562])
(delver.7%&%[5082])
(demand%&%[1509, 3020, 4628])
(denied%&%[1858])
(denote%&%[362, 1637])
(derived%&%[1735, 2575])
(descended%&%[4231])
(descends.%&%[5896])
(described%&%[1757, 2671, 4101])
(desert.%&%[2399])
(designs.%&%[1783])
(desires%&%[3413])
(desk%&%[2054, 2599])
(determine%&%[3269])
(diddest%&%[4799])
(digested%&%[2321])
(digs%&%[5122])
(direction%&%[4069])
(disclosure%&%[1773])
(dislike%&%[5578])
(displayed%&%[4137])
(disposition,%&%[499, 2237])
(dissimilar%&%[4223])
(dissolve.%&%[1617])
(distance%&%[1121, 4179])
(distempered.]%&%[4145])
(distinguish%&%[5006])
(diverted,%&%[3989])
(division%&%[2663])
(do,%&%[636, 770, 801, 1488, 2448, 2969, 3061, 3423, 4337, 5080])
(does%&%[980, 2142, 2480, 2663, 2729, 2902, 2921, 3980, 4285, 4659, 5104, 5104, 5104, 5170, 5787])
(don,%&%[4980])
(done?%&%[3637, 5319])
(door;%&%[4530])
(doors%&%[2973, 5798])
(doubtful%&%[1466])
(down,)%&%[1551])
(down;%&%[2178, 3611])
(dowry.%&%[2977])
(drab,%&%[2507])
(drains%&%[984])
(dramatic%&%[4087])
(dreaded%&%[80])
(dreadful%&%[589, 1082, 2356])
(dream:%&%[2865])
(dreaming%&%[2699])
(drift%&%[2725])
(drinks%&%[413, 1615, 5686])
(drown'd,%&%[4911])
(drowns%&%[4944, 5064, 5084])
(dry,%&%[4895])
(ducat,%&%[3628])
(dull%&%[836, 2464, 5116])
(dupp%&%[4980])
(dust;%&%[5267])
(dust?%&%[2237])
(dying%&%[5796])
(each%&%[595, 838, 847, 1107, 1175, 1440, 1805, 2287, 2655, 3957])
(ear;%&%[558])
(ears%&%[1181, 1255, 3061, 4037])
(ears.%&%[2460])
(earth!%&%[448])
(earth,]%&%[1549])
(earthly%&%[417])
(easier%&%[3457])
(easily%&%[3481, 4179])
(easiness.%&%[5134])
(eats,%&%[4380])
(ebony,%&%[1757])
(edge%&%[863])
(effect,%&%[1987, 5564])
(elective,%&%[4155])
(eloquence,%&%[2553])
(else%&%[718, 795, 1551, 1944, 1971, 3332])
(else.%&%[5080])
(embarked:%&%[749])
(embrace%&%[5619])
(emphasis?—whose%&%[5376])
(enact%&%[3168, 4083])
(encompass%&%[3955])
(encroaching%&%[2553])
(end,%&%[2220, 3065])
(engaged%&%[4231])
(enough;%&%[2981])
(entered%&%[4055])
(enterprise.%&%[3989])
(entertainments%&%[2635])
(entwines%&%[3957])
(envenom'd:77%&%[5812])
(epitaph%&%[2397])
(equivocation%&%[5200])
(especially,%&%[2321, 4823])
(ever-preserved%&%[2222])
(evermore,%&%[2025])
(exaggerated%&%[4041])
(excellence;%&%[5536])
(exchange,%&%[5664])
(express'd%&%[851])
(exquisite%&%[1625])
(extinguished%&%[5064])
(extravagant%&%[240, 1563, 4035])
(eye%&%[335, 2227, 2627, 3712, 3821])
(eye.%&%[4659, 5688])
(eyes,]%&%[1523])
(eyes;%&%[1844, 4349])
(eyes?%&%[3728, 3732])
(face%&%[448, 1827, 2317, 2667, 2669, 3947, 4844])
(faculties!%&%[2237])
(faith.52%&%[5526])
(falconers%&%[1771, 2673, 2673])
(falconers,57%&%[2317])
(falls.]%&%[5802])
(familiar%&%[2621])
(familiar,%&%[830])
(famous%&%[2671])
(fancy,%&%[5546])
(fantasy?%&%[145])
(far,%&%[4165, 4990])
(fardels%&%[2887, 3974])
(fares%&%[3156])
(fashion]%&%[4021])
(fat%&%[1204])
(father,—Methinks,%&%[529])
(father.14%&%[4511])
(father;%&%[374, 4598])
(father?%&%[2969, 4620])
(favour,%&%[4970])
(favour,66%&%[758])
(favour26%&%[5249])
(fear-surprisèd%&%[581])
(feather%&%[2629])
(fed%&%[454, 4229])
(feels%&%[2729])
(fell,%&%[177])
(fellow%&%[3061, 5132, 5249])
(fellow.%&%[3204])
(fellow.—Whose%&%[5170])
(fellowship%&%[2621])
(fetters%&%[3523])
(fetters,%&%[1551])
(fiery%&%[5632])
(fight?%&%[5420])
(figuratively%&%[1747, 3955, 4189])
(figure;%&%[1981])
(figure?%&%[3792])
(filial%&%[378])
(finally%&%[4231])
(find%&%[1202, 1707, 1844, 1987, 2103, 2253, 2733, 3046, 4029, 4097, 4384, 4384, 5263, 5526])
(fire;%&%[2014, 5666])
(firmament,%&%[2237])
(first;%&%[2168, 5723])
(fit%&%[1386, 4283, 5441])
(fit.%&%[4261, 5578])
(flagon%&%[5242])
(flamed,%&%[5064])
(flames;%&%[2382])
(flat%&%[5368])
(flattered%&%[5002])
(flattery,%&%[5002])
(flesh;%&%[4417])
(flexure%&%[4171])
(floated%&%[2695])
(flourished%&%[1777])
(flower%&%[5000])
(flower.%&%[4019, 5052])
(flowers.]%&%[5345])
(foe56%&%[525])
(foe]%&%[1637])
(foils.%&%[5623])
(foils:42%&%[4861])
(follow,%&%[867])
(following%&%[2723, 4577])
(fool;%&%[2977])
(foolery;%&%[5576])
(fools%&%[1036])
(foot;%&%[4421])
(for%&%[337, 339, 378, 393, 470, 540, 555, 772, 772, 818, 926, 946, 1072, 1156, 1158, 1285, 1392, 1515, 1551, 1551, 1575, 1587, 1587, 1589, 1637, 1643, 1647, 1707, 1719, 1721, 1725, 1773, 1783, 1811, 1983, 2112, 2125, 2178, 2178, 2218, 2253, 2253, 2271, 2289, 2313, 2321, 2364, 2386, 2397, 2417, 2442, 2448, 2450, 2468, 2484, 2565, 2567, 2589, 2613, 2645, 2659, 2671, 2677, 2779, 2800, 2921, 2942, 2961, 2965, 2977, 2977, 3061, 3061, 3061, 3065, 3071, 3071, 3105, 3105, 3115, 3194, 3208, 3328, 3344, 3363, 3391, 3427, 3628, 3661, 3667, 3845, 3885, 3959, 3972, 3999, 4017, 4035, 4039, 4055, 4085, 4133, 4135, 4135, 4155, 4157, 4165, 4189, 4201, 4392, 4413, 4417, 4423, 4449, 4540, 4638, 4645, 4655, 4691, 4691, 4695, 4695, 4695, 4823, 4868, 4873, 4899, 4901, 4990, 4998, 5002, 5004, 5004, 5004, 5004, 5006, 5052, 5102, 5116, 5164, 5176, 5180, 5182, 5184, 5184, 5242, 5308, 5414, 5506, 5510, 5518, 5526, 5538, 5560, 5626, 5758])
(for't.41—What%&%[2245])
(for.%&%[822, 2083, 2235, 2795])
(forg'd%&%[2364])
(forgot%&%[3600, 5489])
(formal%&%[4746])
(forsaken%&%[5002])
(forth%&%[523, 1078])
(forth,%&%[948])
(fortune's%&%[2393, 3109, 3115])
(fortune.%&%[4968])
(fought%&%[271])
(frame%&%[5102])
(frame,%&%[2237, 3393])
(frankly%&%[2789, 5621])
(freely,%&%[2245, 2641])
(freeze%&%[1169])
(fret,%&%[4169])
(friend!%&%[2317])
(friends,%&%[1410, 1412])
(friendship,30%&%[2210])
(front%&%[189, 2585, 3710])
(fruits%&%[2073, 2607, 2607])
(full,%&%[4431])
(functions%&%[2695, 3246, 4103])
(funeral%&%[521, 1717])
(funeral,—%&%[4742])
(furnish%&%[523])
(future%&%[4988])
(gait%&%[3065])
(gallows-maker;%&%[5102])
(gape,%&%[710])
(garden,%&%[434])
(gardening.%&%[4001])
(gather%&%[2791])
(gave%&%[1577, 2066, 2934, 3925, 4819, 4855])
(generally%&%[2653, 4095, 4231])
(gentleman%&%[4815, 5526, 5560])
(gentleman.%&%[5597])
(gentlemen%&%[1938, 5092])
(gentlewoman,%&%[5090])
(gentry,55%&%[5526])
(gets%&%[3344])
(gibber%&%[181])
(give%&%[317, 372, 751, 910, 952, 1446, 1647, 1928, 2253, 2317, 2768, 2838, 2871, 2969, 2977, 3061, 3275, 3453, 3722, 3959, 4544, 4584, 4634, 4695, 4737, 4988, 5010, 5662, 5711])
(given%&%[938, 1210, 1575, 1587, 1854, 2001, 2033, 2056, 2601, 2635, 2981, 3978, 4009, 4009, 4155])
(glares!%&%[3835])
(glimpse%&%[2627])
(globe%&%[4101])
(goblin%&%[1007])
(god!%&%[2237])
(gone,%&%[141, 4480, 4717, 4717, 4936, 5058])
(good%&%[31, 47, 56, 70, 197, 354, 483, 491, 493, 499, 797, 799, 1410, 1523, 1551, 1639, 1856, 2142, 2206, 2218, 2332, 2332, 2411, 2541, 2806, 3091, 3164, 3178, 3322, 3363, 3401, 3646, 3913, 3925, 4123, 4297, 4449, 4540, 4540, 4540, 4540, 4544, 4594, 4695, 5104, 5462, 5487, 5504, 5526, 5526, 5574, 5656, 5873])
(good.%&%[2380])
(good:%&%[468, 5084, 5084])
(goodman%&%[5082])
(govern%&%[3453])
(graces%&%[321, 1583])
(gracious%&%[307, 3792, 4019])
(grandfather),%&%[1599])
(granted,%&%[1575])
(grave%&%[1378, 4501, 4679, 5018, 5074, 5476])
(grave's%&%[5170])
(grave,%&%[5341])
(grave-digger.]%&%[5259])
(great%&%[415, 1625, 2269, 2908, 3055, 3194, 3397, 3982, 3982, 4755, 4982, 5022, 5092, 5210, 5234, 5304, 5520, 5526])
(grew%&%[3955])
(grief,33%&%[4729])
(grief.%&%[1571, 1605])
(grief:%&%[385, 3042])
(grieve;%&%[3065])
(grizzl'd,%&%[694])
(groan%&%[2889])
(grossly%&%[4229])
(ground%&%[5306])
(ground,%&%[1551, 5149])
(ground,42%&%[5430])
(groundlings,45%&%[3061])
(groundlings,]%&%[4037])
(guilt.%&%[5006])
(habit;%&%[5054])
(habits%&%[1747])
(halt%&%[2245, 2641])
(hammers%&%[2362])
(hand,%&%[5810])
(hands,]%&%[2222])
(happens%&%[1615])
(happiness%&%[2187])
(harmony;%&%[3455])
(haste.%&%[35])
(hath%&%[52, 54, 166, 271, 889, 895, 932, 938, 1390, 1863, 1888, 1904, 1948, 2027, 2029, 2036, 2533, 2981, 2981, 3224, 3397, 3409, 3569, 4009, 4009, 4306, 4320, 4322, 4357, 4538, 5074, 5080, 5134, 5136, 5143, 5234, 5249, 5546, 5554, 5646])
(hawk%&%[1771, 2263, 2651, 2651, 2651])
(he%&%[160, 162, 166, 446, 538, 579, 654, 656, 889, 895, 932, 984, 1587, 1773, 1773, 1773, 1773, 1783, 1823, 1829, 1829, 1839, 1846, 1904, 1908, 1979, 2081, 2112, 2117, 2121, 2168, 2168, 2196, 2273, 2299, 2321, 2336, 2395, 2446, 2448, 2448, 2450, 2529, 2539, 2553, 2593, 2699, 2727, 2729, 2731, 2760, 2791, 2795, 2885, 2973, 3012, 3194, 3518, 3835, 3863, 3865, 3953, 3978, 3978, 3978, 3978, 4017, 4017, 4017, 4055, 4075, 4079, 4223, 4231, 4253, 4253, 4304, 4306, 4322, 4380, 4380, 4528, 4630, 4695, 4703, 4705, 4707, 4717, 4789, 4825, 4831, 4899, 4903, 5084, 5084, 5084, 5094, 5100, 5116, 5132, 5170, 5206, 5208, 5210, 5210, 5210, 5216, 5228, 5230, 5230, 5230, 5232, 5234, 5242, 5249, 5267, 5374, 5416, 5456, 5520, 5526, 5546, 5554, 5572, 5670])
(he's%&%[1376, 1773, 1773, 2271, 2611, 3537, 3794, 5650])
(he.%&%[5214])
(head,16%&%[4565])
(head-shake,%&%[1464])
(head.]%&%[824])
(healthful%&%[3879])
(hear?%&%[3099, 3854])
(hearers?—this%&%[5381])
(heart's-ease.%&%[5000])
(heart:43%&%[411])
(heart:]%&%[1611])
(heaven%&%[104, 128, 446, 803, 1009, 1448, 2317, 2503, 3275, 4273, 4748, 5684])
(heaven,%&%[149, 1117, 1324, 1372, 5869])
(hedge%&%[4610, 4986, 4986])
(heedful%&%[3144])
(held%&%[976, 1821, 4143])
(hell%&%[710, 3491, 4699])
(help%&%[1454, 1476, 2975])
(hence:%&%[4310, 4394])
(her%&%[399, 448, 789, 1239, 1292, 1294, 1703, 1999, 2007, 2121, 2164, 2245, 2435, 2585, 2641, 3042, 3065, 3065, 3101, 3103, 3176, 3308, 3409, 3413, 3748, 3812, 3812, 3814, 3867, 3997, 4017, 4453, 4511, 4544, 4544, 4550, 4663, 4924, 4928, 4934, 4978, 4978, 5004, 5004, 5006, 5006, 5072, 5074, 5076, 5198, 5249, 5249, 5313, 5326, 5330, 5362, 5424, 5445, 5775, 5796])
(her.%&%[1296, 4445])
(her:%&%[5310])
(herb%&%[4695, 5004, 5004])
(here.]%&%[4189])
(heretofore%&%[1769])
(hern-shaw.46%&%[2263])
(hern.%&%[2651])
(herself%&%[2069, 2641, 5076, 5080])
(herself,%&%[4928])
(hid,%&%[2105, 4095])
(hides%&%[3581])
(hiding%&%[2565])
(highly,%&%[3065])
(hill:%&%[246])
(him!%&%[1332, 2979])
(him,54%&%[5526])
(him,]%&%[2593])
(him;40%&%[3042])
(him]%&%[2647])
(himself,5%&%[1890])
(himself,]%&%[2569])
(himself;%&%[772, 3710])
(historical-pastoral,%&%[2289])
(hit,%&%[5662, 5706])
(ho,%&%[1337, 1337, 1339, 1339, 3075])
(hold'st%&%[4427])
(hold,%&%[1306, 3065])
(home,%&%[2971])
(honest%&%[50, 1406, 2152, 2611, 2957, 3995, 4199])
(honest,%&%[2156])
(honour,——%&%[2285])
(honour.%&%[730, 907, 3063])
(honourable%&%[934, 2187])
(horridly%&%[1038])
(hot%&%[2046, 3493, 4895])
(hot,51%&%[5518])
(hot.%&%[5512])
(hour!%&%[1581])
(hours.%&%[3190])
(houses%&%[5116])
(human%&%[3955])
(humanity%&%[3065])
(humble,%&%[3736])
(humbly%&%[873, 2187, 2923, 5502])
(humours,%&%[4067])
(ice,%&%[2977])
(if%&%[86, 209, 452, 1048, 1080, 1468, 1470, 1729, 2099, 2121, 2160, 2243, 2253, 2321, 2529, 2599, 2599, 2613, 2957, 2977, 3038, 3061, 3135, 3324, 3401, 3423, 3437, 3439, 3911, 3995, 4127, 4153, 4153, 4384, 4384, 4411, 4427, 4887, 5064, 5084, 5096, 5145, 5149, 5210, 5230, 5428, 5508, 5552, 5554, 5556, 5560, 5560])
(ignorance.]%&%[4013])
(ignorance;%&%[1019])
(ill%&%[2005, 2023, 2397, 2589, 5104, 5572])
(ill:%&%[5104])
(immediate%&%[395, 5554])
(immortal%&%[1074])
(impart%&%[250, 589, 5508])
(imperial%&%[279])
(import.%&%[2579])
(importunate;%&%[4447])
(impressed;%&%[1615])
(impórtun'd%&%[932])
(in%&%[171, 181, 189, 209, 211, 213, 238, 238, 244, 267, 269, 301, 339, 358, 370, 403, 407, 411, 436, 497, 509, 525, 540, 593, 618, 627, 661, 696, 716, 736, 760, 762, 793, 820, 826, 851, 855, 857, 871, 881, 903, 918, 948, 999, 1013, 1019, 1021, 1032, 1107, 1158, 1160, 1191, 1206, 1208, 1210, 1237, 1239, 1249, 1253, 1255, 1271, 1281, 1294, 1374, 1382, 1448, 1450, 1491, 1521, 1523, 1533, 1535, 1535, 1537, 1539, 1547, 1549, 1551, 1551, 1551, 1563, 1565, 1587, 1587, 1589, 1631, 1635, 1635, 1637, 1649, 1683, 1687, 1687, 1691, 1715, 1717, 1719, 1729, 1735, 1735, 1737, 1737, 1747, 1747, 1757, 1771, 1773, 1773, 1773, 1773, 1799, 1801, 1807, 1894, 1928, 1999, 2027, 2114, 2160, 2182, 2214, 2218, 2237, 2237, 2237, 2237, 2237, 2239, 2243, 2245, 2249, 2249, 2253, 2253, 2279, 2289, 2317, 2321, 2321, 2321, 2344, 2352, 2388, 2391, 2401, 2431, 2431, 2437, 2476, 2553, 2553, 2553, 2583, 2585, 2585, 2599, 2599, 2611, 2611, 2613, 2613, 2613, 2613, 2613, 2615, 2623, 2629, 2635, 2637, 2639, 2657, 2657, 2673, 2677, 2681, 2685, 2695, 2695, 2749, 2827, 2849, 2867, 2914, 3014, 3026, 3044, 3055, 3061, 3065, 3071, 3071, 3107, 3121, 3138, 3162, 3184, 3230, 3248, 3257, 3312, 3316, 3344, 3375, 3385, 3397, 3413, 3427, 3457, 3465, 3736, 3744, 3748, 3778, 3800, 3863, 3901, 3955, 3957, 3966, 3970, 3970, 3978, 3978, 3993, 3993, 4001, 4007, 4011, 4017, 4023, 4035, 4035, 4037, 4037, 4039, 4043, 4051, 4067, 4067, 4081, 4081, 4083, 4089, 4089, 4091, 4091, 4091, 4093, 4123, 4125, 4137, 4143, 4143, 4143, 4143, 4151, 4155, 4179, 4205, 4215, 4219, 4223, 4231, 4237, 4241, 4243, 4251, 4253, 4261, 4261, 4281, 4295, 4320, 4331, 4349, 4370, 4451, 4517, 4532, 4556, 4565, 4655, 4693, 4750, 4789, 4793, 4795, 4821, 4855, 4866, 4877, 4895, 4917, 4930, 4966, 4970, 4976, 4982, 4988, 4992, 4994, 4998, 4998, 5000, 5014, 5042, 5072, 5076, 5092, 5104, 5134, 5141, 5149, 5214, 5226, 5234, 5249, 5273, 5291, 5306, 5362, 5395, 5424, 5470, 5480, 5526, 5526, 5536, 5546, 5554, 5558, 5572, 5580, 5601, 5608, 5610, 5628, 5664, 5670, 5768, 5775, 5796, 5806, 5810, 5849, 5878, 5882, 5882])
(in's%&%[2395, 2437, 2973])
(in't?%&%[3310, 5196])
(in.%&%[2401, 2969, 4453, 4581, 4663])
(incensed.%&%[5771])
(indeed.%&%[2117, 2273, 3467, 5516])
(indeed.68%&%[5632])
(indicated%&%[1559])
(indolence%&%[1747])
(inexperienced,%&%[5038])
(infix;%&%[1677])
(influence%&%[1651])
(instant%&%[1308])
(intelligent—capable%&%[4247])
(intemperance%&%[1615])
(intercourse.%&%[4149])
(interpret%&%[3324, 4127])
(introduced%&%[4039])
(introduced.%&%[1781])
(irreverently,%&%[4051])
(is't,%&%[292, 1343, 1417, 1971, 5781])
(is,—For%&%[2659])
(is;%&%[352, 1191, 5074])
(it,%&%[120, 187, 710, 780, 780, 843, 889, 1046, 1195, 1983, 2048, 2249, 3061, 3451, 3903, 4143, 4411, 4435, 4655, 4793, 4877, 4962, 5149, 5510, 5546, 5597, 5779])
(it,15%&%[5116])
(it.79%&%[883])
(it121%&%[1410])
(itself%&%[710, 791, 795, 861, 1206, 1747, 3138, 3391, 3491, 4071, 5814])
(itself,%&%[4699])
(itself46%&%[423])
(jaw-bone,%&%[5149])
(jaws,%&%[1027])
(jointly%&%[4735])
(journeys%&%[3232])
(jowls%&%[5149])
(joy,]%&%[1571])
(judgment]%&%[4067])
(juices%&%[1747])
(keep%&%[783, 883, 1689, 2127, 2981, 3308, 3877, 4151, 5234, 5271])
(kill'd%&%[3261])
(kill'd.%&%[4306])
(kills%&%[4295])
(kind.]%&%[1587])
(kindless71%&%[2494])
(kindness%&%[1587])
(king's%&%[1589, 1615, 1914, 5242, 5818])
(king,%&%[2468, 2565, 3381, 3648, 4573, 4590, 5277, 5546, 5554, 5818])
(kingdom%&%[267])
(kingdom.37%&%[4776])
(knave%&%[5149, 5170, 5200])
(kneel%&%[4063])
(knew%&%[2168, 5249])
(knew'st%&%[4411])
(knife%&%[4877])
(knotted%&%[1173])
(know,%&%[374, 922, 942, 1216, 2112, 2313, 4337])
(known.%&%[1511])
(labour%&%[4735])
(laboursome%&%[313])
(lack%&%[2178, 2486, 2705, 3425])
(lack.125%&%[1491])
(ladies;%&%[4540, 4540])
(lady?%&%[3817, 4505])
(lament."%&%[1595])
(land,%&%[5143])
(land."%&%[4019])
(last,—a%&%[1831])
(last;%&%[2317])
(late?%&%[1854])
(laugh%&%[3071, 5249])
(laugh,%&%[2241, 3065, 3071])
(law.9%&%[5088])
(law?%&%[5086])
(lawless%&%[4289])
(lawyer?%&%[5170])
(leave.%&%[4584, 5084])
(leisure%&%[950, 1707])
(leisure.%&%[4085])
(length;%&%[583])
(length?%&%[5654])
(leperous%&%[1257])
(less%&%[325, 1587, 1587, 1587, 1975, 2366, 2401])
(let,%&%[1735])
(letters%&%[4433, 4966])
(letters.%&%[2587, 5026])
(liar;%&%[2019])
(liberal%&%[5546])
(libertine.]%&%[1671])
(liberty,%&%[2289, 2659, 3423, 4153])
(lick%&%[3095])
(lids]%&%[1593])
(liest%&%[5180, 5336])
(light!%&%[3275])
(light.49%&%[2289])
(light.]%&%[2657])
(like,%&%[679])
(limbs%&%[1965])
(lines.%&%[3061])
(lisp,32%&%[2981])
(lisp,]%&%[4011])
(little.]%&%[2649])
(lived!138%&%[3863])
(liveliest%&%[1637, 4065])
(living.%&%[4253])
(lo,%&%[185, 5814])
(loam,%&%[5267])
(loggats%&%[5155])
(look,%&%[110, 244, 2132, 2313, 3810, 3859])
(looks;%&%[2527])
(loose!%&%[4343])
(lord%&%[891, 952, 1707, 2142, 2196, 3273])
(lord.%&%[499, 636, 641, 873, 956, 1065, 1097, 1361, 1372, 1396, 1400, 1434, 2150, 2158, 2162, 2176, 2191, 2281, 2415, 2419, 2772, 2840, 2947, 2971, 3085, 3188, 3192, 3218, 3322, 3365, 3451, 3558, 4370, 4793, 5151, 5261, 5504, 5570, 5574, 5656, 5693])
(lord:%&%[4563, 4940])
(lordship,%&%[5512])
(lose%&%[399, 2912, 3499, 3987, 3989, 4223, 5570])
(love;%&%[1587, 3734])
(love?%&%[1811, 2038])
(loves,%&%[732])
(loving%&%[405, 444, 4415])
(lying%&%[1761])
(mad!%&%[3794])
(made%&%[104, 595, 610, 912, 1239, 1863, 2565, 2607, 2671, 2940, 2963, 2981, 3065, 3065, 3669, 4051, 4067, 4127, 4695, 4817, 5134, 5164, 5176])
(made.%&%[1769])
(madness.%&%[3014])
(madness.—Malone.%&%[2613])
(madness:%&%[5439])
(maid's%&%[4671])
(maid,%&%[4532, 4669, 5349])
(majestical,%&%[221])
(majesty%&%[126, 1957, 2052, 2245, 4312, 4459, 5520])
(majesty.%&%[5508])
(makes%&%[1107, 2873, 2898, 3547, 3688, 3694, 3879, 3964, 3964, 4165, 5054, 5379])
(makes,%&%[5116])
(making%&%[1721, 4009, 4035, 4075, 4251])
(mallecho;74%&%[3198])
(man;%&%[853, 3722, 5084])
(mantle%&%[244])
(mark%&%[2273, 3180, 4019, 5084])
(mark.%&%[4476, 4493, 5287])
(marry%&%[2977, 3648, 5088])
(marry,%&%[993, 2977, 2977, 5208])
(marvel%&%[562])
(match%&%[1773, 4827])
(matin%&%[1298])
(matron's%&%[3744])
(matter,—%&%[5520])
(matter.%&%[2762, 4107, 4689, 5572])
(matter:%&%[1324, 3407])
(may%&%[88, 199, 205, 558, 770, 776, 843, 936, 1030, 1585, 1647, 1657, 1687, 1747, 1765, 2088, 2110, 2164, 2599, 2781, 2789, 2825, 2867, 2973, 3061, 3061, 3089, 3099, 3194, 3232, 3615, 4063, 4091, 4097, 4125, 4449, 4509, 4695, 4695, 4863, 4889, 4905, 5004, 5004, 5006, 5038, 5104, 5170, 5263, 5263])
(may'st%&%[4429, 4962])
(may.%&%[1410, 2815])
(me!%&%[1017, 3457, 5837])
(me!80%&%[5876])
(me,81%&%[901])
(me,]%&%[1693, 4161])
(me,—nor%&%[2237])
(me.104%&%[3457])
(me41%&%[5424])
(me]%&%[2669])
(mean%&%[1587, 2599, 2663, 3071, 3995, 4249, 4337])
(meaning%&%[2659])
(meaning,%&%[2651])
(men.50%&%[2289])
(men.]%&%[2659])
(merit%&%[2401, 2883])
(merriment,%&%[5249])
(merry,%&%[3188])
(messenger%&%[4384])
(methought,%&%[5130])
(mich%&%[4095])
(mightier:%&%[4289])
(mildew'd%&%[3726, 4211])
(million;%&%[2321])
(mind—a%&%[4261])
(mine,%&%[1997, 3162, 4079])
(ministering%&%[5334])
(minute.]%&%[1665])
(mirror%&%[3065])
(misgiving%&%[3980])
(mobled%&%[2376, 2378, 2380, 2691])
(moderate%&%[683])
(modern%&%[4161, 4231])
(modesties%&%[2218])
(modesty%&%[2321, 2679, 3065, 5267])
(moment!%&%[1585])
(moment,85%&%[950])
(month;%&%[458])
(months%&%[440, 3194, 4813])
(months,%&%[3192])
(moon%&%[3232])
(moon:%&%[789])
(moor?]%&%[4217])
(moralities%&%[4041, 4231])
(moralities,%&%[4039])
(more%&%[145, 325, 464, 659, 768, 928, 1056, 1384, 1448, 1587, 1587, 1657, 1908, 1921, 2029, 2189, 2222, 2253, 2401, 2565, 2595, 2623, 2671, 2940, 2967, 2969, 2981, 2981, 3071, 3178, 3391, 3391, 3545, 4003, 4055, 4135, 4161, 4243, 4689, 4776, 4897, 5092, 5092, 5116, 5155, 5232, 5319, 5322, 5362, 5506, 5552, 5860])
(more.%&%[2395, 4534])
(more:%&%[3750, 5818])
(more;—and%&%[2857])
(morning;%&%[2273])
(mortal%&%[2869, 3957, 4673])
(mortal,%&%[4877])
(mortifications%&%[3966])
(mother%&%[399, 1292, 2969, 3040, 3190, 3477, 3810, 4417])
(mother's%&%[517, 3401, 3411, 3537, 4322, 5816])
(mother,%&%[354, 444, 3178, 3397, 3407, 3545, 3585, 3646])
(mourning%&%[372])
(mouse%&%[29])
(mouse-trap,%&%[4111])
(move%&%[1867, 2561, 4685])
(much%&%[22, 331, 676, 1404, 1589, 1589, 1880, 1890, 1904, 1936, 2321, 2679, 2679, 2764, 2829, 3061, 3123, 3457, 3587, 3589, 3951, 5004])
(muffled,%&%[2691])
(multitude,%&%[4347])
(murder%&%[2411, 2525, 3617])
(murder,%&%[2521, 4117])
(murderer;%&%[3324])
(music,%&%[3457])
(must%&%[303, 341, 374, 470, 867, 903, 1179, 1525, 1587, 1587, 1867, 2048, 2066, 2222, 2561, 2565, 3055, 3061, 3194, 3244, 3257, 3359, 3359, 3929, 4093, 4283, 4345, 4437, 4540, 4687, 4729, 4750, 4994, 5016, 5080, 5200, 5249])
(must.%&%[3242])
(musty.98%&%[3429])
(mute%&%[2056, 2601])
(mutine]%&%[4221])
(myself,]%&%[4179])
(name's%&%[3344])
(name,%&%[5873])
(native%&%[995, 2904])
(natural%&%[1241, 1263, 2859, 3338])
(nature%&%[343, 436, 1160, 1281, 3547, 4249, 4934, 5564])
(nature,%&%[271, 370, 762, 1783, 5608])
(ne'er%&%[1374, 1773, 1773, 4439])
(necessaries%&%[749])
(necessary%&%[3071, 4017])
(needs%&%[1378, 2977, 3257])
(negligence,19%&%[4634])
(neither,%&%[2237, 3065])
(nerve.]%&%[1733])
(net%&%[4163])
(nettles,%&%[4921])
(newly%&%[5526])
(news,%&%[1346])
(next,%&%[5116])
(night,]%&%[1529, 1649])
(nights%&%[96, 567])
(no%&%[464, 507, 721, 828, 830, 1061, 1126, 1378, 1400, 1775, 1977, 1983, 2071, 2071, 2125, 2212, 2237, 2237, 2239, 2297, 2395, 2521, 2611, 2611, 2629, 2629, 2725, 2731, 2793, 2957, 2981, 2981, 3071, 3091, 3271, 3310, 3312, 3332, 3407, 3411, 3451, 3750, 3763, 3978, 3995, 4001, 4017, 4055, 4077, 4079, 4308, 4513, 4782, 4879, 5092, 5116, 5132, 5155, 5190, 5210, 5319, 5406, 5454, 5572, 5818])
(nonce;49%&%[4901])
(nonce;]%&%[5048])
(nor%&%[284, 358, 468, 859, 1289, 2289, 2657, 3065, 3065, 3162, 3275, 3512, 4037, 4079, 4744, 4746, 5018])
(not,%&%[468, 770, 801, 948, 1065, 1143, 2121, 3401, 5210, 5412, 5560])
(not:—withdraw,%&%[3579])
(nothing%&%[1961, 1971, 3061, 3160, 3242, 3850, 3854, 3857, 3978, 4077, 4243, 4831, 5130, 5560])
(nothing's%&%[4689])
(nothing.%&%[74])
(now!—%&%[3285])
(now.]%&%[4079])
(now?%&%[967, 3598, 5249])
(nunnery,%&%[2977, 2981, 4017])
(o'Sundays:27—you%&%[4695])
(o'doors%&%[1846])
(o'er%&%[246, 1084, 1731, 1825, 2831, 2906, 3234, 3790, 4744, 4857, 5018, 5603])
(o'erhanging%&%[2237])
(o'erhear%&%[3547])
(o'erweigh%&%[3065])
(o'the%&%[5646])
(obey,%&%[956, 1926, 3415])
(obeys.]%&%[4618])
(occasion.%&%[2212])
(occasionally%&%[4219])
(occulted%&%[3135])
(of!—Hold%&%[5360])
(of,%&%[5054])
(of39%&%[4817])
(off,%&%[333, 3152, 4980])
(offence.]%&%[4956])
(offendendo;4%&%[5080])
(offender's%&%[4351, 4956])
(offends%&%[3061])
(offensive%&%[4243])
(officers.%&%[4567])
(offices.%&%[4103])
(official%&%[3970])
(oft%&%[213, 853, 861, 895, 2827, 3269, 4105])
(old,%&%[1308])
(on't!%&%[434])
(on't,—Frailty,%&%[456])
(on,%&%[160, 2187, 4980, 4980, 5690])
(once%&%[92, 610, 1269, 1363, 2553, 3162, 3281, 3417, 4081, 4095, 4976, 5362])
(once.%&%[2961, 5242])
(one,34%&%[2981])
(one.—So;%&%[3433])
(one50%&%[3065])
(one?%&%[4468])
(ones%&%[3055])
(opportunity%&%[4183])
(opposing%&%[2855])
(oppress'd%&%[581])
(oppressor's%&%[2877])
(or,%&%[1468, 1468, 1589, 2321, 2488, 2599, 5210])
(orchard,%&%[1247])
(original%&%[1565, 4001])
(orisons24%&%[2914])
(others%&%[2900, 3065])
(others.%&%[3065])
(otherwise?%&%[2094])
(ought%&%[2613, 5004, 5006])
(out;%&%[4324])
(outface%&%[5424])
(outlives%&%[5102])
(overtook.%&%[3943])
(pangs%&%[2879])
(part,%&%[1173, 1392, 2800, 3061, 5182])
(particular%&%[168, 350, 1175, 1535, 1535, 1535, 4043])
(pass%&%[2637, 2637, 4866, 5038, 5760])
(passage—"The%&%[4143])
(passes%&%[4123, 5554])
(passion%&%[1569, 2450, 3061, 4243, 5062])
(passion's%&%[3119])
(passion,%&%[2431, 2695, 3061, 4699])
(past,]%&%[1769])
(past;%&%[3899])
(path%&%[807])
(patience%&%[4733, 5470, 5480])
(patient:%&%[4540])
(peace-parted%&%[5328])
(peak,%&%[2464])
(pebbles,%&%[5310])
(peculiar%&%[5004])
(penetration%&%[2627])
(people%&%[4037, 4956, 4976])
(people.%&%[2677])
(perchance%&%[2865])
(perchance,%&%[1458, 3845])
(peril;%&%[1667])
(perilous%&%[918])
(permission%&%[1649])
(permit.%&%[1627])
(person,%&%[708, 1637])
(personification%&%[4101])
(perséver]%&%[1603])
(perturbed%&%[1482])
(phrase,%&%[1466, 2005, 2005])
(pin's%&%[1070, 1727])
(pin.%&%[1727])
(pipe?%&%[3441, 3457])
(piteous%&%[1807, 1835, 3841, 4143])
(pith%&%[2908, 3982])
(pitiful%&%[3071])
(pity;%&%[1979])
(place.%&%[54, 2671])
(placed,%&%[3044])
(play.]%&%[5695, 5731, 5766])
(played%&%[2599, 3162, 3457, 4081])
(players;%&%[2273])
(pleasure.%&%[4366])
(pluck%&%[3457])
(plum-tree%&%[2178])
(plume%&%[2629])
(plunge%&%[3391])
(pocket!%&%[4237])
(poets%&%[1733])
(poignards,%&%[5546])
(points%&%[575])
(point—the%&%[2697])
(poison'd%&%[5748])
(poison'd.%&%[5794])
(poison'd:%&%[5816])
(poisoner.%&%[4095])
(poisons%&%[3344])
(policy9%&%[1946])
(policy]%&%[2577])
(politick%&%[4380])
(pomp;%&%[3095])
(pooh!%&%[916])
(portraiture%&%[5493])
(portraiture,%&%[4117])
(positive%&%[2553])
(possessed%&%[4251])
(postscript%&%[4789])
(posy%&%[3216, 4097])
(pounds.%&%[3363])
(poured%&%[5242])
(power%&%[1651, 1919, 2533, 2961, 4251])
(powerfully%&%[2178])
(practice%&%[1575, 4081])
(pranks%&%[3567])
(preaching%&%[3837])
(preceding%&%[4155])
(preference%&%[4155])
(prepare%&%[3514, 4396])
(present%&%[4435, 4988, 5048, 5474])
(presently.25%&%[2136])
(presently.]%&%[2609])
(prettiness.%&%[4699])
(prince,%&%[2064, 4155])
(private%&%[897, 1691, 1691])
(probable%&%[2659])
(probably%&%[1773, 2661, 4095, 4996, 5002, 5038])
(process107%&%[1214])
(process;7%&%[4431])
(procuring%&%[4239])
(profane%&%[5324])
(profanely,52%&%[3065])
(profanely,]%&%[4051])
(profound,%&%[1835])
(pronoun.%&%[3999])
(pronounced.%&%[2393])
(properties,%&%[4001])
(property,%&%[3338])
(proposer32%&%[2222])
(prospects,%&%[4988])
(protest%&%[3306])
(prov'd,]%&%[3951])
(pulse,%&%[3877])
(punishment.%&%[4956])
(puppets%&%[3324, 4127, 4127])
(purg'd%&%[1163])
(purgation%&%[3391])
(purposely%&%[4017])
(purposes,%&%[4249])
(pursu'st%&%[1287])
(qualities,%&%[3995])
(quality;58%&%[2317])
(quantity%&%[1733, 3071, 4035, 5412])
(quantity.%&%[4205])
(quarrel;%&%[840])
(question:]%&%[3953])
(quick%&%[5186, 5366, 5426])
(quickened%&%[2701])
(quiddits%&%[5170])
(quietly%&%[1025])
(quintessence%&%[2237])
(quotations.%&%[2661])
(quotes%&%[2651])
(rack62%&%[2352])
(radiance%&%[1589])
(rage%&%[2344, 5064])
(rags,%&%[3061])
(range%&%[1649])
(rankly.%&%[4217])
(rant%&%[5436])
(ranting%&%[4039])
(raves,%&%[2081])
(reaches%&%[1040])
(ready.%&%[1653, 3071, 4960])
(really%&%[3995, 4990])
(reason!%&%[2237])
(recollecting%&%[1773])
(recompence.%&%[4974])
(reference%&%[4976])
(refers%&%[4127])
(reflect,%&%[2581])
(reflection%&%[2645])
(reform%&%[3071])
(regard%&%[1613, 1737, 4155, 4165])
(regard,%&%[2910, 3986])
(reign%&%[4035])
(relate.%&%[1647])
(remainder%&%[1993])
(remarked%&%[2613])
(remember:%&%[4691])
(remember——%&%[5522])
(removèd%&%[1056])
(rend%&%[2358])
(replies29%&%[2187])
(representation.%&%[4203])
(request.%&%[1414])
(requisite%&%[2695])
(resemblance,%&%[4043])
(resemble,%&%[2328])
(resolves.%&%[4105])
(respect12%&%[2871])
(respectful%&%[1613])
(rest!%&%[3255])
(rest]%&%[2571])
(retire%&%[4588])
(retired,%&%[1777])
(retirement,%&%[3385])
(returns,19%&%[2896])
(revealing%&%[2565])
(revenge.]%&%[4133])
(revengeful,%&%[2969])
(ridicule%&%[4035])
(right;%&%[1382, 1382])
(rights%&%[2222])
(ring?75%&%[3216])
(riotous%&%[4565, 4982])
(rise%&%[5816])
(rites.%&%[1717])
(roar?%&%[5249])
(rock%&%[3298])
(rogue!%&%[5242])
(rogue]%&%[2615])
(rood,115%&%[3603])
(rood,]%&%[4191])
(rose,%&%[4528])
(rottenness.%&%[1747])
(rudeness.%&%[3968])
(ruth,%&%[5004])
(sable%&%[698, 2325])
(sables.72%&%[3194])
(sables.]%&%[4091])
(safe%&%[3512, 4175])
(said%&%[879, 889, 1819, 2168, 3972, 4077, 4982])
(said.%&%[3481])
(sandal%&%[4472, 4970])
(save%&%[2198, 4883])
(saw%&%[538, 546, 649, 691, 1025, 2317, 2317, 3061, 4768])
(say,%&%[213, 1119, 1989, 2216, 2981, 3407, 5116, 5578])
(say?]%&%[4081])
(saying%&%[4161])
(scenes%&%[2567])
(scenes,%&%[2321])
(scent.%&%[2577])
(scolding%&%[4039])
(scriptural%&%[2663])
(scrutinise%&%[4956])
(scuffling%&%[5768])
(sea,97%&%[1084])
(season%&%[871])
(season,%&%[974, 3332])
(seat%&%[1312])
(secret)%&%[2565])
(secret?—%&%[1365])
(secure%&%[1332])
(secure109%&%[1251])
(see,%&%[2321, 2350])
(seeing%&%[1462])
(seeing,%&%[2787])
(seeks.%&%[2330])
(seem'd%&%[1844])
(seems%&%[350, 1521, 1587, 2237, 2655, 2699, 4087])
(seen,%&%[2391, 3004, 3978])
(seen."%&%[1525])
(self-slaughter!%&%[427])
(sense.]%&%[4197])
(senses.%&%[3970])
(sensible%&%[151, 2593, 4655])
(sent]%&%[3945])
(sepulchre,%&%[1023])
(sergeant,%&%[5847])
(seriously,%&%[4273])
(servant%&%[481])
(service%&%[1930, 5324])
(service.%&%[2243, 3079])
(sets%&%[2360, 3688, 4199])
(severity%&%[4017])
(shall;%&%[4753])
(shape%&%[3465])
(shape,%&%[2969])
(shaped%&%[4023])
(shatter%&%[1837])
(she'll%&%[3308, 3541])
(shipwright,%&%[5100, 5106])
(shoe,%&%[2671])
(shorten%&%[2665])
(shortly%&%[3244, 5478])
(should%&%[438, 710, 922, 1042, 1068, 1886, 1957, 2069, 2216, 2448, 2484, 2490, 2613, 2957, 2965, 2969, 3093, 3190, 3285, 3391, 3547, 3953, 3995, 3995, 4466, 4540, 4780, 5090, 5092, 5306, 5310, 5324, 5508, 5536, 5610])
(should,%&%[1551])
(shoulder.]%&%[2101])
(shovel,%&%[5170])
(show%&%[223, 301, 2313, 2673, 2825, 3042, 3065, 3391, 4035, 5418])
(show;]%&%[1595])
(shown%&%[2027, 2627])
(shreds%&%[3786, 4241])
(shrewdly;%&%[963])
(shrouding%&%[5162])
(shuffled%&%[2869])
(sickness%&%[4795])
(sight%&%[4825])
(sight,%&%[80, 714])
(signifies%&%[1587, 5000])
(signifying%&%[1617, 4043, 4095, 5002])
(silence%&%[716, 2352, 5447])
(silence.%&%[5890])
(simples46%&%[4881])
(sincerity;%&%[1773])
(sing,%&%[4687])
(sinners;"%&%[2613])
(sir!%&%[2198])
(sir:—pronounce.%&%[3395])
(sirs,%&%[631])
(sits%&%[820, 3016])
(sits:%&%[3810])
(skill%&%[5630])
(skill,%&%[4312])
(skin%&%[3893, 4199])
(skin.%&%[4265])
(skull%&%[5149, 5170, 5234, 5259])
(skull,%&%[5242, 5242])
(slain%&%[3972])
(slain,%&%[4320])
(slander%&%[950])
(slaughter:%&%[2321])
(slave's%&%[2492])
(sleep,—%&%[2863])
(sleep.%&%[3293])
(sleep:%&%[3359])
(sleepily%&%[4045])
(sleeping%&%[1210])
(sleeps.]%&%[3295])
(sliver%&%[4926])
(slow%&%[311, 579])
(smart%&%[2836])
(smith's%&%[4073])
(snow,%&%[2977, 4713])
(so,117%&%[3671])
(so,]%&%[4195])
(soe'er%&%[1456])
(soldiers,%&%[1412])
(sole%&%[3989])
(sometime%&%[277])
(song%&%[2661, 4143, 4996])
(song.%&%[5012])
(sorrow:38%&%[381])
(sorrows%&%[4554])
(sorry%&%[1398])
(sorry,%&%[5487])
(soul's%&%[2003])
(soul,%&%[1072, 2517, 3014, 3061, 3889, 5198])
(soul59%&%[3101])
(souls?%&%[1040])
(source%&%[4153])
(southerly%&%[2263])
(spade,%&%[5160, 5160])
(speak!%&%[128, 137, 207, 215])
(spectators]%&%[4057])
(speech;46%&%[5470])
(speechless,%&%[2354])
(spirit,%&%[254, 3397])
(spirit;81%&%[5888])
(spite,%&%[1497])
(spleen%&%[2639])
(splenetive%&%[5393])
(spots%&%[3754])
(springes%&%[942])
(spurns%&%[2881])
(spurs,%&%[5018])
(stag,%&%[4143])
(stale,%&%[429])
(stands."%&%[3980])
(stars%&%[2014])
(stars,%&%[1171, 5379])
(state%&%[175, 1747, 2393, 3980, 5506])
(state,%&%[279, 2125, 3238, 5796])
(stay%&%[401, 814, 2011, 3172, 4085, 4388, 4641])
(stem%&%[4249])
(still;%&%[716])
(sting%&%[1218, 1296])
(stored%&%[2553])
(storm,%&%[2350])
(story%&%[2653, 2661, 3344, 4976])
(story,%&%[94, 1565])
(story.—%&%[5884])
(stoup%&%[5116])
(strange!%&%[1444])
(strangely,%&%[5218])
(stream;%&%[4917])
(strong%&%[4345])
(strongest%&%[1637])
(strucken%&%[3354, 4143])
(stubbornness;%&%[385])
(studies%&%[1589])
(study%&%[2417])
(stuff;%&%[3669])
(stung%&%[1212])
(stupid%&%[2699])
(subjected.%&%[3966])
(subjects%&%[2661])
(substantives%&%[1575])
(success.%&%[5038])
(suck'd%&%[2996])
(sudden%&%[4776, 4833])
(suffer%&%[2849, 3995, 5170])
(suffering%&%[3107])
(suit%&%[2699, 3065, 3194, 4091, 4091])
(sultry,%&%[5520])
(summons.]%&%[1557])
(supper.%&%[4376])
(supply%&%[1525])
(support%&%[3995])
(supposition%&%[4051])
(sure%&%[1906, 1946, 4093, 5038])
(swear't.%&%[1431])
(sword%&%[2366, 4866, 5036])
(sword,%&%[2338, 4744, 5018, 5018])
(sworn.%&%[3283])
(tame%&%[3065])
(tatters,%&%[3061])
(taught%&%[4151])
(teach%&%[511, 924, 2222])
(tears%&%[2395, 3845, 4143, 4143, 5006, 5062, 5064])
(tears,%&%[2452])
(tedious%&%[2194, 3293])
(tell%&%[683, 903, 1019, 1165, 1351, 1380, 1406, 2048, 2237, 2273, 2277, 2279, 3555, 3978, 4797, 5074, 5108, 5170, 5206, 5206, 5249, 5249, 5332, 5520, 5849, 5884])
(tell.%&%[5110, 5114])
(temper,%&%[4041])
(temporary%&%[4261])
(ten%&%[2156, 3415, 5356])
(tenantless,%&%[179])
(tenders%&%[912, 926])
(tester%&%[2667])
(than%&%[145, 325, 325, 661, 999, 1204, 1587, 1587, 1587, 1587, 1707, 1869, 1888, 2237, 2253, 2317, 2366, 2397, 2543, 2563, 2565, 2611, 2641, 2671, 2715, 2959, 2961, 2969, 3071, 3457, 3545, 4079, 4243, 4689, 5092, 5100, 5104, 5106, 5232, 5672, 5860])
(that's%&%[102, 114, 3071, 3465, 4596, 4691, 4691, 4998])
(that,%&%[1072, 1210, 1773, 2048, 2787, 2829, 3065, 4861, 4887, 5108, 5251, 5536])
(the%&%[3, 10, 43, 84, 102, 114, 114, 126, 151, 156, 160, 162, 171, 175, 177, 179, 181, 189, 211, 223, 225, 232, 232, 236, 244, 246, 261, 290, 329, 339, 356, 356, 358, 358, 368, 368, 376, 393, 395, 415, 415, 425, 432, 446, 521, 523, 550, 560, 571, 571, 585, 591, 591, 595, 603, 616, 618, 633, 725, 738, 742, 751, 758, 762, 774, 774, 783, 785, 789, 797, 803, 807, 820, 843, 853, 853, 855, 863, 867, 867, 883, 891, 910, 940, 944, 944, 946, 952, 974, 976, 997, 999, 999, 1023, 1034, 1034, 1040, 1068, 1080, 1082, 1082, 1084, 1109, 1156, 1158, 1160, 1165, 1177, 1191, 1197, 1204, 1212, 1237, 1245, 1249, 1255, 1263, 1271, 1283, 1298, 1316, 1322, 1378, 1382, 1434, 1509, 1509, 1513, 1517, 1521, 1529, 1531, 1535, 1537, 1541, 1549, 1551, 1551, 1551, 1559, 1559, 1559, 1563, 1565, 1573, 1575, 1575, 1585, 1585, 1587, 1587, 1587, 1587, 1587, 1587, 1587, 1587, 1587, 1587, 1589, 1589, 1589, 1589, 1601, 1601, 1603, 1615, 1621, 1625, 1625, 1625, 1635, 1637, 1647, 1649, 1649, 1649, 1649, 1649, 1651, 1651, 1657, 1657, 1667, 1667, 1671, 1677, 1677, 1689, 1703, 1717, 1727, 1729, 1729, 1731, 1731, 1733, 1733, 1733, 1733, 1733, 1735, 1735, 1737, 1757, 1761, 1761, 1765, 1771, 1771, 1773, 1773, 1773, 1773, 1777, 1777, 1779, 1783, 1783, 1795, 1799, 1821, 1823, 1848, 1850, 1852, 1865, 1890, 1919, 1928, 1946, 1963, 1965, 1987, 1989, 1993, 2003, 2003, 2014, 2016, 2046, 2054, 2073, 2081, 2107, 2114, 2121, 2132, 2160, 2172, 2176, 2178, 2182, 2187, 2187, 2196, 2208, 2210, 2218, 2218, 2222, 2222, 2222, 2237, 2237, 2237, 2237, 2237, 2237, 2243, 2243, 2245, 2245, 2245, 2245, 2245, 2245, 2247, 2247, 2249, 2249, 2257, 2263, 2271, 2273, 2289, 2289, 2289, 2289, 2313, 2317, 2321, 2321, 2321, 2321, 2323, 2328, 2346, 2352, 2352, 2354, 2356, 2358, 2362, 2374, 2376, 2382, 2386, 2388, 2397, 2397, 2397, 2397, 2401, 2409, 2411, 2450, 2450, 2452, 2454, 2456, 2456, 2458, 2478, 2478, 2480, 2490, 2501, 2515, 2515, 2517, 2525, 2529, 2533, 2533, 2543, 2545, 2545, 2553, 2553, 2557, 2565, 2565, 2565, 2565, 2567, 2569, 2575, 2575, 2577, 2577, 2579, 2579, 2585, 2587, 2587, 2587, 2593, 2599, 2607, 2607, 2607, 2611, 2611, 2611, 2611, 2611, 2611, 2613, 2613, 2613, 2613, 2613, 2613, 2615, 2629, 2629, 2635, 2637, 2637, 2639, 2641, 2641, 2641, 2641, 2645, 2645, 2651, 2651, 2657, 2657, 2659, 2659, 2659, 2659, 2659, 2659, 2659, 2661, 2661, 2663, 2663, 2663, 2663, 2665, 2667, 2667, 2669, 2669, 2671, 2671, 2671, 2671, 2673, 2673, 2673, 2677, 2677, 2677, 2677, 2677, 2681, 2681, 2681, 2685, 2695, 2705, 2711, 2747, 2751, 2762, 2793, 2806, 2846, 2849, 2859, 2865, 2871, 2875, 2877, 2879, 2881, 2883, 2892, 2896, 2904, 2906, 2912, 2940, 2942, 2961, 2961, 2961, 2967, 2973, 2973, 2981, 2987, 2990, 2996, 3020, 3022, 3038, 3044, 3061, 3061, 3061, 3061, 3061, 3061, 3061, 3061, 3061, 3065, 3065, 3065, 3065, 3065, 3065, 3065, 3065, 3065, 3065, 3065, 3065, 3065, 3065, 3065, 3071, 3071, 3071, 3093, 3095, 3097, 3097, 3125, 3127, 3133, 3158, 3158, 3162, 3170, 3182, 3194, 3196, 3200, 3200, 3216, 3232, 3255, 3261, 3261, 3310, 3314, 3316, 3316, 3316, 3320, 3324, 3342, 3342, 3344, 3344, 3344, 3344, 3354, 3361, 3363, 3367, 3367, 3371, 3375, 3391, 3401, 3401, 3407, 3411, 3423, 3427, 3427, 3429, 3433, 3437, 3453, 3455, 3457, 3457, 3463, 3467, 3477, 3489, 3495, 3533, 3539, 3541, 3585, 3598, 3603, 3605, 3615, 3630, 3642, 3655, 3659, 3659, 3665, 3682, 3684, 3686, 3692, 3710, 3714, 3722, 3736, 3738, 3761, 3770, 3774, 3774, 3776, 3823, 3831, 3865, 3869, 3881, 3883, 3893, 3903, 3905, 3905, 3909, 3933, 3943, 3949, 3953, 3955, 3955, 3955, 3963, 3964, 3966, 3970, 3970, 3970, 3972, 3978, 3978, 3978, 3978, 3987, 3989, 3995, 3997, 3997, 3999, 3999, 4001, 4007, 4011, 4011, 4011, 4015, 4017, 4019, 4019, 4023, 4035, 4035, 4035, 4037, 4037, 4037, 4037, 4041, 4041, 4041, 4043, 4043, 4043, 4043, 4043, 4047, 4051, 4055, 4055, 4055, 4063, 4065, 4067, 4067, 4067, 4067, 4067, 4067, 4073, 4073, 4075, 4079, 4081, 4081, 4081, 4081, 4083, 4087, 4091, 4091, 4091, 4091, 4093, 4093, 4095, 4101, 4101, 4101, 4101, 4101, 4111, 4111, 4113, 4113, 4117, 4117, 4119, 4121, 4121, 4121, 4121, 4123, 4123, 4125, 4127, 4127, 4127, 4127, 4127, 4135, 4135, 4135, 4137, 4139, 4143, 4143, 4143, 4143, 4151, 4153, 4153, 4153, 4153, 4155, 4155, 4155, 4155, 4155, 4157, 4157, 4157, 4157, 4157, 4157, 4161, 4161, 4165, 4169, 4171, 4171, 4171, 4179, 4179, 4181, 4181, 4189, 4191, 4191, 4193, 4199, 4199, 4199, 4199, 4199, 4201, 4201, 4205, 4207, 4215, 4219, 4231, 4231, 4231, 4231, 4231, 4235, 4239, 4239, 4241, 4241, 4243, 4249, 4251, 4251, 4253, 4261, 4287, 4289, 4291, 4306, 4308, 4324, 4326, 4345, 4347, 4351, 4353, 4359, 4384, 4384, 4398, 4459, 4488, 4497, 4501, 4507, 4509, 4517, 4530, 4532, 4548, 4560, 4571, 4598, 4600, 4604, 4634, 4643, 4677, 4687, 4687, 4695, 4695, 4755, 4755, 4764, 4776, 4780, 4784, 4795, 4842, 4853, 4861, 4873, 4883, 4883, 4901, 4917, 4924, 4930, 4956, 4956, 4956, 4966, 4966, 4970, 4976, 4980, 4986, 4986, 4988, 4990, 4990, 4994, 4996, 4996, 4996, 4998, 4998, 4998, 4998, 4998, 4998, 5002, 5004, 5004, 5004, 5004, 5004, 5006, 5006, 5008, 5018, 5018, 5018, 5018, 5018, 5022, 5022, 5022, 5034, 5036, 5048, 5050, 5052, 5074, 5080, 5084, 5084, 5084, 5084, 5090, 5092, 5096, 5096, 5100, 5100, 5100, 5104, 5104, 5104, 5104, 5116, 5128, 5132, 5136, 5136, 5143, 5149, 5149, 5149, 5149, 5155, 5170, 5170, 5184, 5184, 5200, 5200, 5202, 5206, 5214, 5234, 5242, 5245, 5249, 5259, 5259, 5263, 5267, 5271, 5273, 5273, 5275, 5277, 5279, 5291, 5293, 5300, 5304, 5308, 5315, 5324, 5324, 5339, 5341, 5341, 5343, 5360, 5364, 5366, 5370, 5379, 5383, 5385, 5432, 5441, 5443, 5452, 5474, 5474, 5482, 5491, 5506, 5510, 5514, 5520, 5526, 5526, 5528, 5546, 5546, 5546, 5548, 5550, 5552, 5554, 5558, 5560, 5560, 5560, 5560, 5560, 5572, 5580, 5603, 5623, 5639, 5641, 5646, 5658, 5662, 5664, 5666, 5670, 5678, 5680, 5680, 5682, 5684, 5684, 5686, 5688, 5713, 5721, 5725, 5748, 5758, 5777, 5787, 5792, 5792, 5794, 5796, 5798, 5806, 5812, 5818, 5818, 5828, 5855, 5864, 5869, 5871])
(theatre%&%[3065, 4037])
(thee!%&%[1310, 1314])
(them.]%&%[1115])
(them:]%&%[4055])
(them?19%&%[5155])
(theme%&%[5404])
(then%&%[108, 227, 740, 869, 974, 1063, 1555, 1773, 2066, 2607, 3071, 3843])
(then:%&%[1985])
(thence%&%[2077])
(there.—Be%&%[3170])
(there;%&%[5210, 5214])
(there?%&%[6, 37, 66, 3850])
(thereabout%&%[2321])
(thereby%&%[1589])
(thereon,%&%[2123])
(these.%&%[2663])
(thick%&%[2178])
(thick,%&%[5249])
(thin%&%[4265])
(thine;%&%[1581, 5711])
(things,%&%[2969])
(thing—but%&%[2218])
(this;%&%[4513, 4891])
(this?%&%[599, 1042, 2086, 3740, 3847, 4847])
(those%&%[458, 1243, 1294, 1585, 2247, 2253, 2898, 2981, 3071, 3111, 3609, 3966, 4039, 4851, 4996, 5104, 5249])
(thou'rt%&%[5867])
(though%&%[187, 299, 710, 795, 1577, 2105, 2178, 2237, 2521, 2613, 3012, 3065, 3240, 3457, 3978, 4990, 5393])
(thought.%&%[1679, 1767])
(threatening%&%[2382])
(thrift,%&%[521, 1685, 4063])
(throat;%&%[5391])
(throne;%&%[395])
(throw,72%&%[5670])
(thus,124%&%[1464])
(thus,]%&%[1785])
(thus;%&%[5267])
(thus?%&%[4538, 5452])
(thy%&%[203, 209, 319, 321, 321, 333, 337, 339, 399, 456, 826, 828, 834, 836, 845, 847, 849, 849, 1011, 1021, 1143, 1154, 1169, 1169, 1171, 1183, 1218, 1251, 1289, 1289, 1292, 1320, 1547, 1581, 1583, 1583, 1585, 1739, 1811, 2064, 2317, 2914, 2969, 2977, 3091, 3133, 3273, 3273, 3298, 3324, 3499, 3587, 3661, 3675, 3742, 3808, 3810, 3831, 3993, 3993, 4069, 4606, 4683, 5104, 5116, 5349, 5351, 5358, 5385, 5391, 5397, 5397, 5715, 5737, 5810, 5822, 5878, 5882])
(thyself:%&%[158])
(till%&%[558, 1635, 1689, 2411, 3613, 4035, 4273, 4388, 5116, 5263, 5430])
(time%&%[122, 319, 897, 948, 1497, 1529, 1581, 1585, 1635, 1635, 1691, 1691, 1777, 1910, 1959, 2090, 2119, 2271, 2611, 2611, 2677, 2961, 2961, 2969, 3065, 3330, 3489, 3800, 4007, 4043, 4089, 4091, 4243, 4243, 5560, 5847])
(time.%&%[1521, 1533, 2637, 4994])
(time:%&%[1896, 2397])
(timid.%&%[1743])
(titles%&%[1587])
(to,%&%[468, 936, 1693, 2593, 2981, 3964, 5054])
(to-night,87%&%[982])
(to-night,]%&%[1711])
(to-night;%&%[701])
(to-night?%&%[72, 633])
(toe?%&%[644])
(together;%&%[1491])
(tongue;%&%[721])
(too!%&%[5822])
(top%&%[644, 3457, 3477, 4171])
(topic.%&%[4059])
(tormenting%&%[1136])
(touching%&%[891])
(toward%&%[305, 1080, 1729])
(trace%&%[5263])
(trappings36%&%[368])
(treacherous%&%[5810])
(treacherous,%&%[2494])
(treachery.%&%[5785])
(treads,%&%[807])
(tribute%&%[2245])
(tricks?%&%[5170])
(trifling%&%[758])
(triumph%&%[988])
(trouble%&%[5576])
(true-love%&%[4503])
(true;%&%[625, 865])
(truly;%&%[2961])
(truth.%&%[910])
(turn%&%[2910, 3986, 3997])
(turn'st%&%[3752])
(twain.%&%[3901])
(twelve,%&%[725])
(twenty,%&%[2253])
(unanel'd;112%&%[1273])
(unappointed,%&%[1761])
(unapprehensive%&%[4057])
(uncle's%&%[1589, 3907])
(uncle:%&%[2527, 3135])
(understood%&%[2611])
(undisturbed.%&%[2639])
(unfold]%&%[1511])
(ungallèd%&%[3357])
(unnatural;%&%[3503])
(unnerved%&%[2348])
(unspoken."%&%[4079])
(unwatch'd%&%[3055])
(unweeded%&%[434])
(up,%&%[1657, 4980])
(us!—%&%[1005])
(us,7%&%[1919])
(us;%&%[401])
(used%&%[1563, 1575, 1587, 1637, 1677, 1771, 2583, 2653, 2677, 2677, 3957, 3970, 4039, 4085, 4189, 4199, 4205, 4219, 4986])
(used.%&%[4095])
(usually%&%[1719, 2587])
(uttered:%&%[3881])
(vacant%&%[1649, 1665])
(value%&%[1727, 4962])
(vantage.]%&%[4183])
(variableness%&%[2645])
(vengeance;%&%[2701])
(venom%&%[2391])
(venom,%&%[5822])
(vent%&%[2639])
(verse%&%[2245, 2641, 4970])
(verse,%&%[2641])
(vice%&%[3772, 4231, 4231, 4241, 4241, 5506])
(vice.%&%[4231])
(view.%&%[1537])
(villain,%&%[1374])
(villainy;%&%[1773])
(violence.%&%[223])
(violet%&%[762])
(violets,30%&%[4695])
(virtuous%&%[1231])
(visage%&%[2435, 2693, 2829])
(visage,%&%[356])
(viz.,%&%[2657])
(vows%&%[940, 3688])
(vows,39%&%[2996])
(vows:%&%[946])
(vulgar,%&%[2677])
(wag%&%[3675])
(wag.%&%[5406])
(wagered%&%[5546])
(wait%&%[5462])
(waiting%&%[4157])
(walk%&%[213, 703, 1156, 2164, 2182, 2671, 2819])
(walk.%&%[976])
(walking%&%[2613])
(walls,%&%[4179])
(wand'ring%&%[5379])
(wann'd;]%&%[2693])
(wanton%&%[4013, 5762])
(warm%&%[1589, 1667, 2593])
(warrant%&%[706, 3063, 3577])
(wart!%&%[5434])
(wary%&%[5688])
(was%&%[160, 225, 517, 538, 540, 599, 694, 1233, 1235, 1267, 1499, 1587, 1603, 1635, 1635, 1637, 1649, 1773, 1773, 1801, 2168, 2239, 2249, 2249, 2279, 2321, 2321, 2472, 2553, 2567, 2567, 2583, 2587, 2607, 2611, 2611, 2637, 2653, 2657, 2661, 2661, 2671, 2677, 2703, 2961, 2967, 3065, 3101, 3164, 3168, 3170, 3543, 3708, 3724, 3972, 3972, 3978, 4039, 4041, 4083, 4089, 4091, 4095, 4099, 4155, 4155, 4199, 4231, 4231, 4231, 4243, 4243, 4253, 4509, 4713, 4715, 4815, 4840, 4966, 4970, 4976, 4976, 4994, 4998, 4998, 4998, 4998, 5002, 5002, 5002, 5004, 5038, 5050, 5096, 5126, 5130, 5198, 5206, 5206, 5208, 5210, 5236, 5242, 5267, 5267, 5302])
(was:%&%[5238])
(watch.%&%[166])
(watch:%&%[591])
(way;]%&%[2637])
(we'll%&%[2407, 4335])
(weakness%&%[2537])
(weapons:%&%[5544])
(wed;%&%[3271])
(weddings%&%[4998])
(weed%&%[1204])
(weeds]%&%[4137])
(weep%&%[2448])
(weeping%&%[4930])
(weigh'd,%&%[4351, 4956])
(well;%&%[736, 2148, 2397, 5104])
(well?%&%[5104])
(were%&%[458, 738, 1241, 1533, 1541, 1559, 1615, 1729, 2105, 2152, 2218, 2222, 2235, 2247, 2397, 2599, 2611, 2663, 2969, 3415, 3607, 4035, 4051, 4067, 4089, 4091, 4093, 4093, 4179, 4251, 4449, 4970, 5002, 5018, 5149, 5249, 5508, 5536])
(westward%&%[102])
(wharf,]%&%[1747])
(wheel.%&%[4996])
(wherefore%&%[2237])
(whereof,]%&%[1613])
(whether%&%[2222, 2395, 3953])
(which%&%[126, 286, 366, 460, 1539, 1587, 1635, 1657, 1735, 1747, 1761, 1771, 1777, 1783, 1783, 2187, 2218, 2299, 2417, 2561, 2567, 2613, 2661, 3016, 3065, 3883, 3955, 3957, 3978, 4011, 4017, 4023, 4047, 4065, 4093, 4095, 4113, 4125, 4135, 4143, 4431, 4988, 5004, 5020, 5038, 5038, 5149, 5273, 5546, 5672])
(which,%&%[213, 1867, 2178, 3966, 4155])
(while%&%[1312, 1643, 1997, 2253, 2397, 2659, 3359, 4079, 4157, 5441])
(while,%&%[1910, 5360])
(white%&%[2007, 2585, 4713])
(who?%&%[548, 2174])
(wholesome%&%[3340, 3401, 3407, 3728, 4213])
(wholly%&%[1585])
(wi'%&%[4723])
(wife%&%[4417])
(wife.%&%[3344])
(wife:%&%[284])
(wildly%&%[3393, 3825])
(willingly.%&%[4031])
(wine.%&%[5676])
(witching%&%[3489])
(with;%&%[4449])
(withal:%&%[4885])
(withers85%&%[3316])
(within%&%[366, 454, 783, 1247, 1667, 1902, 3190, 4384])
(within,%&%[3895, 4575])
(witness%&%[560])
(wits%&%[2593, 4671, 5210])
(wits.%&%[5222])
(wittingly.%&%[5080])
(woe%&%[3002, 3236, 4909, 5354])
(woe.%&%[368])
(womb%&%[211, 1549])
(wonderful!%&%[1348])
(wood%&%[2671])
(words%&%[952, 1773, 1775, 1854, 2938, 3160, 3997, 4077, 4513])
(words,%&%[2170, 2505, 4079])
(work%&%[2237, 4051, 5441])
(work.%&%[2709, 5822])
(work:%&%[1535, 3316])
(world!%&%[2237])
(world's:]%&%[4990])
(wot,]%&%[2661])
(would%&%[118, 421, 450, 501, 614, 674, 676, 948, 1363, 1551, 1629, 1667, 1707, 1771, 1773, 1781, 1829, 2044, 2152, 2253, 2393, 2417, 2448, 2452, 2737, 2875, 2887, 3061, 3291, 3391, 3437, 3457, 3457, 3457, 3457, 3463, 3792, 3974, 4017, 4055, 4695, 4942, 5010, 5149, 5526, 5552, 5554, 5554])
(would,%&%[4612, 5576])
(wraps%&%[3957])
(wretch%&%[2132])
(wringing%&%[3663])
(wrong%&%[5616])
(wrong,%&%[221, 2877])
(yawn,%&%[3491])
(year%&%[5230])
(year.%&%[5230])
(year:%&%[3194, 5230])
(yes,%&%[654, 1324])
(yield%&%[4974])
(you!12%&%[4507])
(you,%&%[317, 389, 403, 891, 903, 1308, 1363, 1388, 1394, 1398, 1462, 1488, 1629, 1880, 1936, 2050, 2198, 2212, 2222, 2237, 2267, 2269, 2725, 2819, 2929, 3044, 3061, 3061, 3061, 3190, 3242, 3453, 3463, 3520, 3520, 3574, 3817, 3819, 3835, 4331, 4476, 4493, 4505, 4513, 4584, 4691, 4695, 4855, 5002, 5082, 5450, 5502, 5520, 5522, 5688, 5746, 5760])
(you:—%&%[3433])
(you;]%&%[1691])
(yourself%&%[883, 897, 905, 924, 928, 1629, 3897, 4009, 5554])
(yourself,%&%[2178, 4563])
(youth,31%&%[2222])
(youth.%&%[5298])
(—if%&%[2233])
