("Have%&%[2613])
("How%&%[3980])
("Standing%&%[1741])
("forbid%&%[3978])
("furnishings."%&%[1597])
("what%&%[1525])
("with,"%&%[1525])
(&%&%[2687])
('Twere%&%[4449, 5265])
('a%&%[4721])
('gins%&%[1300])
('twere%&%[282, 2781, 4748])
('twere,%&%[3065])
('would%&%[738])
((Advancing.)%&%[5374])
((As%&%[2048, 2539, 4897])
((Behind%&%[5132, 5341])
((Beneath.)%&%[1442, 1480])
((C.)%&%[493, 546, 605, 705, 1005, 1348, 1878, 1952, 2144, 2170, 2189, 2210, 2334, 2397, 2725, 3061, 3158, 3166, 3367, 3441, 3465, 4374, 4463, 4761, 4909, 5401, 5462, 5502, 5572, 5841])
((Crosses%&%[68, 881, 2269, 3409, 4507])
((Goes%&%[4667])
((I'd%&%[2090])
((L.%&%[5293])
((L.,%&%[5385])
((L.H.);%&%[3154])
((L.H.)—Polonius%&%[2315])
((R.C.)%&%[755, 974, 1904, 1975, 2741, 2918, 3585, 4675, 4739, 4907, 5389, 5404])
((R.C.),%&%[4665])
((Returning%&%[2237])
((article%&%[4091])
((as%&%[901, 3061, 5847])
((crosses%&%[4695])
((i.e.,%&%[5018])
((offering%&%[5593])
((turns%&%[4695])
(101Laer.%&%[5652])
(103Ham.%&%[5798])
(13,%&%[4091])
(13th%&%[4143])
(1502,%&%[1635])
(1595.%&%[2657])
(17%&%[557])
(1st%&%[2319, 2336, 2376, 2382, 2415, 2419, 3063, 3069, 5072, 5076, 5080, 5084, 5088, 5092, 5096, 5100, 5104, 5112, 5116, 5138, 5157, 5172, 5182, 5190, 5194, 5198, 5202, 5206, 5210, 5214, 5218, 5222, 5226, 5230, 5234, 5238, 5242, 5247, 5300, 5321])
(2%&%[2842])
(20%&%[782])
(24%&%[1029, 4091])
(28%&%[1291])
(31%&%[1490])
(35%&%[1956])
(41majestical%&%[2237])
(41st%&%[4215])
(46%&%[2390])
(53%&%[2944])
(62P.%&%[3275])
(64%&%[3356])
(68%&%[3522])
(71%&%[3705])
(75%&%[4275])
(77Ham.%&%[4388])
(79%&%[4519])
(86%&%[4923])
(90once:%&%[5149])
(91Ham.%&%[5188])
(98for%&%[5526])
(99Ham.%&%[5552])
(ACT%&%[2, 1505, 1791, 2549, 2719, 3935, 4277, 4948, 5068])
(According%&%[2631])
(Acknowledged.%&%[5028])
(Act%&%[1507, 2551, 3937, 4950])
(Adieu,%&%[1302, 4940])
(Affection!%&%[916])
(Alexander%&%[5253, 5267, 5267, 5267])
(Alexander,%&%[5263])
(Almost%&%[585])
(Angels%&%[1005])
(Antick%&%[1783])
(Appears%&%[577])
(As%&%[158, 393, 452, 625, 799, 907, 952, 1048, 1109, 1197, 1412, 1458, 1693, 1829, 1837, 1914, 1948, 2031, 2042, 2313, 2313, 2356, 2480, 2661, 2679, 2679, 2940, 3083, 3107, 3123, 3144, 3220, 3648, 3650, 3690, 3692, 3756, 4031, 4031, 4073, 4143, 4201, 4223, 4659, 5145, 5267, 5302, 5328, 5867])
(As,%&%[1468])
(Attendants%&%[1876, 4372])
(Attendants,%&%[419, 1940, 4425, 5587])
(Away,%&%[2134])
(Behind%&%[3539, 4179, 4291])
(Bernardo!%&%[61])
(Blackstone%&%[2653])
(Blasting%&%[3728, 4213])
(Brief%&%[1247])
(Bring%&%[1009, 4368])
(Bugbear.%&%[4177])
(By-'r-lady,%&%[2317])
(C.)%&%[68, 2237, 2269, 3409])
(C.]%&%[489, 2411, 3421, 4946])
(CASTLE.%&%[1875, 2720, 4278, 5484, 5586])
(Call%&%[3457])
(Came%&%[2009])
(Castle.%&%[3])
(Ceaseless%&%[1605])
(Cerements;]%&%[1719])
(Chaos.%&%[4101])
(Chiefly%&%[3970])
(Christmas%&%[2663])
(Columbine%&%[5002])
(Come.%&%[1871, 5727])
(Come:—%&%[3324])
(Confederate%&%[3332])
(Contraction%&%[4201])
(Costly%&%[849])
(Couch%&%[5287])
(Crusaders,%&%[4039])
(Cry%&%[4748, 5020])
(Curtain%&%[5896])
(Cut%&%[1271])
(Dane.%&%[5383])
(Dane:%&%[1017, 5860])
(Dangerous%&%[4451])
(Dead.%&%[4623])
(Dear%&%[4065, 4669])
(Decker's%&%[1551])
(Decline%&%[1753])
(Denmark%&%[126, 413, 1212, 1283, 1615, 1773])
(Denmark's%&%[5674])
(Denmark,%&%[299])
(Denmark—%&%[1374, 1773])
(Despatch'd:]%&%[1759])
(Devoutly%&%[2863])
(Directly%&%[2715])
(Disappointed%&%[1761])
(Discomfort%&%[3242])
(Disposition]%&%[1723])
(Distempered,%&%[4954])
(Doom'd%&%[1156])
(Down-a-down,]%&%[4994])
(Earl%&%[4091])
(Elsinore?%&%[509, 2210])
(Encountered%&%[4061])
(England;%&%[4435])
(England?%&%[5208])
(Equivalent%&%[4161])
(Even%&%[2247, 2685, 3133, 4600])
(Everlasting%&%[425])
(Excellent%&%[2144, 2148])
(Excellent,%&%[3158])
(Exchequer%&%[3970])
(Exit%&%[4017])
(FIRST.%&%[1505])
(Fardellus,%&%[3974])
(Fare%&%[1296, 2191, 3549, 4681])
(Farewell.%&%[732, 885, 2973])
(Fennel%&%[5002])
(First.%&%[2673])
(Five%&%[2315])
(Flowers.%&%[4665])
(Found%&%[3951])
(Four%&%[2315])
(Francisco.%&%[20])
(French%&%[2317, 2637, 2673, 2673, 2673, 5000, 5546])
(French,%&%[3949])
(From%&%[299, 644, 1235, 3030, 3686, 3949, 3976, 3989, 4199, 4235, 4468, 4766])
(Fye%&%[434, 2511])
(Genesis.%&%[4215])
(Gertrude.%&%[4616])
(Get%&%[1779, 2727, 2969, 2977, 4161])
(Glossary,%&%[1757])
(Gloucestershire.%&%[4976])
(Goes%&%[579])
(Gonzago?%&%[2411])
(Goodly%&%[1639])
(Grecians%&%[2683])
(Guildenstern.%&%[1932])
(Guildenstern;—and%&%[2269])
(HOUSE.%&%[746, 1792])
(Ha?%&%[2482])
(Hair%&%[1741])
(Ham.%&%[325, 331, 345, 352, 403, 421, 476, 483, 501, 515, 521, 536, 540, 548, 552, 564, 599, 605, 622, 638, 643, 648, 656, 663, 668, 673, 678, 693, 700, 708, 732, 963, 982, 993, 1005, 1063, 1067, 1092, 1098, 1103, 1126, 1130, 1140, 1147, 1152, 1185, 1189, 1195, 1222, 1279, 1306, 1334, 1339, 1348, 1353, 1363, 1374, 1382, 1398, 1402, 1421, 1430, 1436, 1446, 1482, 2148, 2152, 2156, 2160, 2164, 2170, 2174, 2178, 2184, 2189, 2194, 2206, 2210, 2214, 2218, 2222, 2227, 2237, 2241, 2245, 2249, 2259, 2263, 2269, 2273, 2279, 2283, 2291, 2295, 2305, 2309, 2313, 2321, 2334, 2374, 2378, 2397, 2401, 2407, 2417, 2421, 2846, 2923, 2931, 2949, 2953, 2957, 2961, 2965, 2969, 2973, 2977, 2981, 3061, 3065, 3071, 3075, 3086, 3158, 3162, 3166, 3170, 3184, 3190, 3194, 3198, 3204, 3220, 3263, 3285, 3304, 3308, 3312, 3316, 3324, 3344, 3352, 3367, 3371, 3379, 3383, 3387, 3391, 3395, 3399, 3403, 3407, 3411, 3415, 3419, 3425, 3429, 3441, 3445, 3449, 3453, 3457, 3469, 3473, 3477, 3481, 3585, 3589, 3593, 3597, 3602, 3611, 3623, 3639, 3646, 3652, 3679, 3703, 3767, 3783, 3798, 3816, 3835, 3849, 3854, 3859, 3903, 4376, 4380, 4384, 4402, 4408, 4413, 4417, 5132, 5136, 5149, 5155, 5170, 5180, 5184, 5192, 5196, 5200, 5204, 5208, 5212, 5216, 5220, 5224, 5228, 5232, 5236, 5240, 5244, 5249, 5253, 5257, 5263, 5267, 5295, 5338, 5374, 5389, 5404, 5410, 5418, 5487, 5506, 5510, 5514, 5518, 5522, 5528, 5532, 5536, 5540, 5544, 5548, 5556, 5560, 5564, 5572, 5576, 5580, 5593, 5618, 5628, 5637, 5643, 5654, 5690, 5697, 5703, 5739, 5758, 5773, 5787, 5820, 5841, 5866])
(Hamlet!%&%[3595, 3765, 3901, 4766, 5402])
(Hamlet.]%&%[3829, 4017])
(Hark%&%[2269])
(Has%&%[3111, 5132])
(Hear%&%[5450])
(Heaven!%&%[1185])
(Heaven.]%&%[1607])
(Hecuba%&%[2446])
(Hecuba,%&%[2446])
(High%&%[1561, 4776])
(Hillo,%&%[1339])
(His%&%[427, 651, 694, 1619, 1860, 2555, 2597, 2695, 3344, 3837, 3970, 3999, 4713, 4742, 4970, 5447])
(Ho!%&%[5798])
(Honour'd,%&%[3250])
(Horatio.%&%[120, 536])
(Horatio:%&%[70, 5249])
(Hypērĭon,%&%[1625])
(Hypĕrīon,%&%[1625])
(I'll%&%[187, 483, 710, 727, 924, 1015, 1095, 1117, 1119, 1126, 1318, 1629, 2119, 2136, 2168, 2397, 2411, 2523, 2527, 2529, 2541, 2545, 2609, 2711, 2977, 2981, 3044, 3194, 3363, 3539, 3541, 3553, 3572, 3577, 3609, 3917, 4091, 4179, 4189, 4271, 4526, 4630, 4636, 4645, 4873, 4885, 4899, 4990, 5096, 5422, 5436, 5628, 5723, 5752, 5869])
(I.102%&%[1741])
(I.106%&%[1749])
(I.113%&%[1763])
(I.117%&%[1771])
(I.12%&%[1531])
(I.120%&%[1777])
(I.124%&%[1785])
(I.16%&%[1539])
(I.23%&%[1565])
(I.27%&%[1573])
(I.3%&%[1513])
(I.30%&%[1579])
(I.34%&%[1593])
(I.38%&%[1601])
(I.41%&%[1607])
(I.45%&%[1615])
(I.49%&%[1623])
(I.52%&%[1629])
(I.56%&%[1637])
(I.63%&%[1657])
(I.67%&%[1665])
(I.7%&%[1521])
(I.70%&%[1671])
(I.74%&%[1679])
(I.78%&%[1687])
(I.81%&%[1693])
(I.85%&%[1707])
(I.89%&%[1715])
(I.92%&%[1721])
(I.96%&%[1729])
(I.—A%&%[1792, 2720, 4278, 5069])
(I.—ELSINORE.%&%[3])
(I;%&%[2932])
(II.%&%[1791])
(II.11%&%[2581])
(II.15%&%[2589])
(II.19%&%[2597])
(II.22%&%[2603])
(II.26%&%[2611])
(II.33%&%[2625])
(II.37%&%[2633])
(II.4%&%[2559])
(II.40%&%[2639])
(II.44%&%[2647])
(II.48%&%[2655])
(II.51%&%[2661])
(II.55%&%[2669])
(II.59%&%[2677])
(II.62%&%[2689])
(II.66%&%[2697])
(II.73%&%[2711])
(II.8%&%[2575])
(III.102%&%[4165])
(III.106%&%[4173])
(III.113%&%[4187])
(III.117%&%[4195])
(III.12%&%[3961])
(III.120%&%[4201])
(III.124%&%[4209])
(III.128%&%[4223])
(III.131%&%[4233])
(III.135%&%[4247])
(III.139%&%[4255])
(III.142%&%[4267])
(III.16%&%[3972])
(III.23%&%[3991])
(III.27%&%[4001])
(III.3%&%[3943])
(III.30%&%[4007])
(III.34%&%[4015])
(III.38%&%[4023])
(III.41%&%[4029])
(III.45%&%[4037])
(III.49%&%[4045])
(III.52%&%[4051])
(III.56%&%[4059])
(III.63%&%[4073])
(III.67%&%[4081])
(III.7%&%[3951])
(III.70%&%[4087])
(III.74%&%[4095])
(III.78%&%[4103])
(III.81%&%[4109])
(III.85%&%[4121])
(III.89%&%[4137])
(III.92%&%[4145])
(III.96%&%[4153])
(III.—A%&%[746])
(III.—ROOM%&%[5586])
(III.—THE%&%[3562])
(IV.12%&%[4974])
(IV.16%&%[4982])
(IV.23%&%[4996])
(IV.27%&%[5004])
(IV.3%&%[4956])
(IV.30%&%[5010])
(IV.34%&%[5018])
(IV.38%&%[5026])
(IV.41%&%[5032])
(IV.45%&%[5040])
(IV.49%&%[5048])
(IV.52%&%[5054])
(IV.7%&%[4964])
(IV.—THE%&%[960])
(If't%&%[2793])
(Illo,%&%[1337])
(Impressions%&%[1769])
(Indeed?%&%[974])
(Infects%&%[3897])
(Inoculate%&%[4001])
(Is%&%[145, 156, 991, 1214, 1695, 2214, 2214, 2429, 2906, 3216, 3310, 3642, 3808, 3873, 4175, 4259, 5072, 5849])
(Is,%&%[3385])
(Italian:%&%[3344])
(James.%&%[2673])
(Jephthah%&%[2661])
(Jephthah,%&%[2291, 2307, 2661])
(Judgment.%&%[5704])
(Julius%&%[177, 3168, 4083])
(Jump%&%[1533, 1533])
(King.)%&%[4507, 5341])
(King.]%&%[1513, 3182])
(L.,%&%[3350])
(L.H.C.]%&%[4774])
(Lady,%&%[3184])
(Laertes.%&%[4594, 4911, 5416])
(Laertes:%&%[5628, 5758])
(Larded%&%[4499, 4972])
(Last%&%[100])
(Latin.%&%[3970, 3974])
(Lest%&%[3841])
(Lords%&%[5587])
(Lords,%&%[261, 419, 3154])
(Lucianus%&%[3318])
(Lucianus,%&%[3320])
(Make%&%[1171, 2456, 2647, 3234, 3407, 4013, 4029, 4247, 4247, 5414, 5434])
(Man%&%[2241])
(Marcellus%&%[45, 472, 569, 961, 1341, 1440, 1478, 4558])
(Marcellus,%&%[33, 106, 734])
(Menœchme,%&%[2657])
(Mercury]%&%[4207])
(Murder!%&%[1189])
(Musicians%&%[3431, 3435])
(Musick%&%[4025])
(Nay,%&%[8, 666, 1431, 1501, 2227, 2309, 2627, 3087, 3192, 3194, 3401, 3609, 3640, 3759, 4490, 5082, 5240, 5434, 5526, 5574, 5773])
(Night.%&%[3, 960, 1123])
(No;%&%[1354])
(No?%&%[694])
(Normandy,%&%[4815])
(Norway%&%[162])
(Now%&%[1220, 1944, 2001, 2368, 2425, 2998, 3493, 5249, 5366, 5686])
(Now,%&%[1208, 3065, 3585, 4374, 4835])
(Nymph,%&%[3993])
(O!%&%[4548])
(O'er-master%&%[1410, 1779])
(O'erbears%&%[4567])
(One%&%[2297, 2321, 3127, 4015, 4909, 5052, 5198])
(Open%&%[4187])
(Ophelia%&%[747, 2613, 3154, 4017, 4017, 4457, 4665, 5004])
(Ophelia's%&%[3186, 4087, 4127])
(Ophelia,%&%[780, 889, 2023, 2723, 2800, 2819, 2842, 3006, 3154, 4725, 5006, 5291])
(Ophelia,——%&%[4490])
(Ophelia:—Nymph,%&%[2914])
(Osric.%&%[5639])
(Out%&%[785, 2537])
(Out,%&%[2370])
(P.%&%[3224, 3232, 3244, 3254, 3267, 3283, 3289, 3297])
(PALACE.%&%[258])
(Pale%&%[664, 1765, 1805])
(Palm%&%[1541])
(Particularly%&%[3970])
(Peace,%&%[110])
(Perpend.11%&%[1995])
(Peruse%&%[5034])
(Phœbus'%&%[3224, 4099])
(Pity%&%[1143])
(Plain%&%[2619])
(Plautus%&%[2289, 2657])
(Plautus,%&%[2657])
(Play.%&%[2319, 2336, 2376, 2382, 2415, 2419, 3063, 3069])
(Players%&%[2315])
(Players,%&%[2409])
(Please%&%[2571])
(Plucks%&%[2476])
(Polonius.]%&%[3919])
(Polonius1%&%[1793])
(Possess%&%[438])
(Pray%&%[3061, 3574, 4493])
(Pray,%&%[4513])
(Pressures%&%[1769])
(Pretty%&%[4524])
(Propose%&%[1434])
(Protestant.%&%[2611])
(Puff'd%&%[1671])
(Punch%&%[4231])
(Pyrrhus'%&%[2358, 2366])
(Pyrrhus,—he,%&%[2325])
(QUEEN'S%&%[3562])
(Queen%&%[2583, 2611, 3154, 3222, 3563, 3867, 4443, 4594, 4725, 4907, 5004, 5006, 5737, 5775, 5796])
(Queen,%&%[261, 419, 1876, 2138, 2723, 2817, 3154, 3927, 4279, 4341, 4695, 5291, 5468, 5587])
(Quietus%&%[3970])
(Quite%&%[5249])
(R.C.)%&%[3675, 4695])
(R.C.]%&%[4341, 4455, 4542, 4575])
(R.H.%&%[183, 472, 2315, 2842, 3435, 3483])
(REMOTE%&%[1123])
(Rapiers,%&%[5768])
(Re-enter%&%[183, 1124, 3008])
(Re-speaking%&%[417])
(Reached%&%[3943])
(Read%&%[2821])
(Rebellious%&%[2340, 3742])
(Repent%&%[3899])
(Revenge%&%[1187])
(Robin%&%[4697, 5012])
(Roscius%&%[2279])
(Rosemary%&%[4998])
(Round%&%[2605])
(Rouse%&%[1713])
(SECOND.%&%[2549])
(Satire,%&%[2615])
(Second.%&%[4035])
(Secure]%&%[1755])
(See!%&%[135])
(Seem%&%[432])
(Set%&%[4962, 5658])
(Shakespeare%&%[1677, 2677, 3999, 4055, 4125])
(Shakespeare's%&%[1521, 1523, 1533, 1635, 2567, 2585, 2611, 2637, 4035, 4037, 4089, 4091, 4179, 4994, 5004])
(Shakespeare,%&%[1733, 4007, 4011, 4143])
(Since%&%[3101, 3228, 3547, 4065])
(Soft%&%[2912, 3991])
(Something%&%[1884])
(Speak%&%[120, 195, 201, 215, 3061, 3814, 4055])
(Speculum%&%[4021])
(Spencer%&%[2651])
(Spenser%&%[4205])
(Spent%&%[1691])
(Spies%&%[3949])
(Sprinkle%&%[3833])
(Stand%&%[587])
(Start%&%[4263])
(Statute%&%[4091])
(Stay'd%&%[681])
(Stay;%&%[5711])
(Strengthen%&%[5470])
(Sundays:]%&%[5004])
(Swear%&%[1438])
(Taint%&%[1289])
(Tenable]%&%[1659])
(Thaw,%&%[423])
(Therewith%&%[4919])
(This%&%[173, 254, 391, 409, 562, 587, 865, 946, 1521, 1603, 1637, 1743, 1771, 1852, 1867, 2066, 2372, 2499, 2561, 2599, 2611, 2645, 2655, 2663, 2755, 3026, 3316, 3320, 3724, 3806, 3869, 3871, 3957, 4011, 4035, 4039, 4093, 4127, 4177, 4193, 4215, 4219, 4241, 4257, 4689, 4764, 4976, 4994, 4996, 5038, 5149, 5242, 5281, 5439, 5476, 5652, 5654])
(This,%&%[2027])
(Thou%&%[341, 869, 1013, 3334, 3657, 3752, 4221, 4429, 5184, 5389])
(Thoughts%&%[3330])
(Three%&%[2721, 5546])
(Thrust.%&%[5050])
(Thus%&%[1267, 1993, 3931, 3980, 4799])
(Thus,%&%[164, 2902])
(To't.%&%[5112])
(Together%&%[124, 275, 360])
(Trumpets,%&%[978])
(Unanel'd%&%[1761])
(Unhousel'd,%&%[1273, 1761])
(Unnatural.%&%[2707])
(Unpregnant%&%[2701])
(Until%&%[5406])
(Unwrung%&%[4121])
(Upon%&%[230, 315, 560, 725, 1241, 1251, 1537, 1557, 1577, 2285, 2470, 3367, 3831, 5224])
(Valentine's%&%[4515])
(Venom'd%&%[5050])
(Very%&%[679, 681, 2421, 3365, 3475, 5218, 5644])
(Vouchsafe%&%[2571])
(Walks%&%[246])
(We%&%[221, 389, 636, 1419, 1468, 1525, 2130, 2637, 2747, 2772, 2789, 2821, 2827, 3204, 3212, 3415, 3531, 4312, 4361, 4509, 4540, 4586, 5324])
(Welcome,%&%[70, 1878])
(Well%&%[2267])
(Well,%&%[31, 98, 1468, 4507])
(Well:—again.%&%[5709])
(When%&%[102, 162, 944, 1136, 2046, 2094, 2279, 2737, 2869, 2885, 3491, 4273, 4554, 4895, 4928, 4956, 5058, 5062, 5336, 5445])
(Whereon%&%[3028, 3833])
(Whiles%&%[3895])
(Who%&%[52, 2391, 2474, 2480, 2887, 3974, 4349, 4641, 5106, 5196, 5279])
(Who's%&%[6, 37])
(Who,%&%[1999])
(Will%&%[2182, 2787, 2810, 3441, 3845, 4227, 4804, 4861, 5090])
(With%&%[84, 166, 288, 460, 558, 940, 1040, 1227, 1253, 1277, 1464, 1484, 1571, 1651, 1799, 2366, 2442, 2492, 2523, 2603, 2764, 2887, 2910, 3024, 3336, 3387, 3986, 4003, 4503, 4887])
(Wives%&%[4189])
(Won%&%[1229])
(Wou'lt%&%[5420])
(Wouldst%&%[1208])
(Writ%&%[1655])
([A%&%[978])
([Breaking%&%[1115])
([Dies,%&%[5892])
([Exeunt.%&%[4946])
([Hamlet%&%[2981, 3630, 5524])
([Lying%&%[3186])
([Page%&%[5725])
([Polonius%&%[3551, 3581])
([Raising%&%[3909])
([Rosencrantz%&%[4328])
([Stabs%&%[5828])
([The%&%[5482, 5775, 5796])
([To%&%[495, 2225, 2411, 2823, 3162, 3287, 3659, 3665, 4386, 5200, 5472])
([Trumpet%&%[419])
(a-foot,%&%[3131])
(a-piece%&%[2253])
(able%&%[1647])
(aboard;%&%[4421])
(abounds%&%[2613])
(above,18%&%[2029])
(above,]%&%[2595])
(abstract%&%[2397])
(abus'd:%&%[1216])
(abuse,%&%[4782])
(accent%&%[1677, 1733, 2332, 3065])
(according%&%[2399, 4067])
(accounts,%&%[3970])
(accurst!%&%[3259])
(accuse%&%[2969])
(accustomed%&%[1717, 4253])
(acquire%&%[3061])
(acres%&%[5430])
(act%&%[585, 1651, 2969, 3131, 4087, 4095, 4153, 5080])
(act,%&%[1287, 3680, 5080, 5845])
(acted;%&%[2321])
(action%&%[1054, 2237, 3065, 5170])
(action,%&%[2695, 2831, 3841])
(active%&%[4103])
(actors%&%[2281, 2289])
(addressing%&%[4055])
(adds,%&%[2613])
(adheres.%&%[1908])
(adieu,%&%[1302])
(admiration%&%[555, 1643])
(admiration.93%&%[3409])
(advance%&%[1667])
(advancement.%&%[3425])
(advice;]%&%[2607])
(afar%&%[5894])
(affliction,32%&%[4699])
(affliction,]%&%[5014])
(again.%&%[542, 703, 4711, 5773])
(again.—What%&%[2168])
(again:%&%[5816])
(ah!%&%[3371])
(aid:%&%[4318])
(aigre,%&%[1709])
(aims,%&%[2623])
(air%&%[963, 1771, 3061, 3823])
(air,%&%[238, 2182, 2237, 3158])
(air.86%&%[965])
(alienation%&%[4261])
(all;%&%[2969, 3852, 4251])
(alleys%&%[1263])
(alludes%&%[2615, 2665, 4055, 4157, 4215])
(almost%&%[940, 1134, 2681, 3465, 3808, 5754])
(along:—For%&%[288])
(altitude%&%[2317, 2671, 2671])
(amaz'd%&%[676])
(amazement%&%[3409, 3810])
(ambitious;%&%[2969])
(animals!%&%[2237])
(another:]%&%[4009])
(answer%&%[8, 610, 1017, 2579, 3407, 3591, 3923, 5556, 5664])
(answer,%&%[3160, 3401])
(antick%&%[1460])
(anvil.%&%[4073])
(anything%&%[2317, 2677, 4077])
(apparently%&%[2699])
(appear'd%&%[72])
(appears%&%[2237, 2637, 2663])
(appetite%&%[452])
(application.%&%[5040])
(apprehension%&%[2237])
(apprehension,%&%[3980])
(apt;%&%[1202])
(are.%&%[2981])
(argue%&%[5016])
(argument?80%&%[3310])
(arms!%&%[736])
(arrant%&%[1376, 1773, 1773, 2969])
(arras.]%&%[3630, 3659])
(arrows%&%[2851])
(artful,%&%[4958])
(as%&%[282, 407, 593, 614, 696, 732, 751, 770, 801, 849, 867, 920, 984, 1074, 1109, 1191, 1195, 1261, 1388, 1392, 1410, 1446, 1454, 1486, 1575, 1589, 1635, 1667, 1687, 1707, 1741, 1757, 1761, 1781, 1783, 1783, 1801, 1805, 1856, 2156, 2164, 2178, 2178, 2321, 2321, 2328, 2350, 2356, 2480, 2553, 2593, 2599, 2599, 2611, 2613, 2627, 2651, 2659, 2671, 2679, 2679, 2695, 2753, 2781, 2791, 2969, 2977, 2977, 2977, 2977, 2981, 3036, 3061, 3061, 3061, 3065, 3081, 3142, 3202, 3250, 3322, 3322, 3407, 3407, 3437, 3453, 3453, 3495, 3543, 3646, 3690, 3746, 3863, 3877, 3879, 3978, 3978, 3995, 4001, 4037, 4039, 4041, 4043, 4055, 4055, 4073, 4097, 4101, 4123, 4123, 4135, 4171, 4171, 4199, 4239, 4241, 4251, 4253, 4261, 4287, 4384, 4497, 4657, 4673, 4673, 4713, 4748, 4980, 4988, 4988, 4990, 4990, 4990, 5004, 5004, 5014, 5036, 5149, 5214, 5214, 5300, 5436, 5436, 5443, 5443, 5520, 5546, 5546, 5576, 5597, 5783])
(aside.%&%[2713])
(aside:%&%[5277])
(assistant%&%[2125])
(attendants,%&%[5828])
(attent%&%[558, 1645])
(attention%&%[1647])
(audience.%&%[4127])
(aunt-mother%&%[2259])
(authors.%&%[2583, 4219])
(aware%&%[4017])
(away%&%[1046, 1318, 3903, 4263, 4719, 5186, 5828])
(away,%&%[2910, 3986])
(awhile.%&%[5723])
(axe%&%[4755, 5022, 5022])
(baby%&%[2269])
(backed%&%[3471])
(ballad%&%[2661])
(bare%&%[2887, 3972])
(battery?%&%[5170])
(bear,17%&%[2887])
(beard.%&%[2667, 2669])
(beard.—%&%[2374])
(beast,—'tis%&%[2323])
(beauties%&%[2806])
(beautified%&%[2003, 2005, 2583, 2583])
(because%&%[1559, 2553, 4017, 4111, 5006, 5210])
(beck]%&%[4003])
(bed;%&%[3907])
(beforehand%&%[2629])
(begin;%&%[5686])
(begins%&%[1773, 2323])
(begins,%&%[3931])
(behind%&%[2315, 3435, 3533, 3630, 3655, 3659, 3933, 4179, 4189, 5876])
(behind,%&%[3248])
(behold%&%[4123])
(behoves%&%[907])
(bellowed,%&%[3065])
(belov'd;%&%[3250])
(benches%&%[4037])
(benefactors%&%[4093])
(bent,]%&%[2575])
(beseech'd%&%[2760])
(betoken%&%[5281])
(better'd,69%&%[5650])
(better.%&%[3661])
(better:%&%[2401])
(between82%&%[910])
(bitter;]%&%[2705])
(blaze,%&%[4942])
(blood%&%[944, 1259, 3113, 4067, 4596, 4879])
(blood,%&%[1587, 3493, 4067, 4155])
(blood.—List,%&%[1181])
(blue%&%[5372])
(board%&%[2136, 2609])
(body%&%[1107, 2695, 3065, 3659, 3692, 3966, 4043, 4201, 4306, 4324, 4359])
(body,%&%[460])
(bones,34%&%[4744])
(bones.]%&%[5153])
(book;%&%[2821])
(born,25%&%[5206])
(borrower%&%[859])
(bosom,13%&%[2007])
(bosom.%&%[4127])
(bosom:%&%[3501])
(both?%&%[2206])
(boughs%&%[4924])
(bound%&%[1148, 1551])
(bound,%&%[376])
(bow%&%[307])
(brain%&%[1944])
(brain's%&%[4261])
(brain,%&%[1322])
(braz'd%&%[4195])
(break.]%&%[4105])
(breathes%&%[3491])
(breathing%&%[5560])
(breed.%&%[3401])
(breeding,%&%[5155])
(bride-bed%&%[5349])
(brief%&%[2397])
(brief,%&%[3218])
(bring%&%[1938, 2737, 2810, 3881, 4324, 4370, 4855])
(broke;%&%[4926])
(brother.%&%[3648, 5605])
(brute%&%[3170])
(build%&%[3194, 4093])
(built%&%[5104])
(bung-hole?%&%[5263])
(business.%&%[3401, 4173])
(button%&%[5036])
(buy,%&%[849])
(calamity.%&%[2613])
(calendar%&%[5526])
(call%&%[920, 936, 1015, 1629, 1629, 1629, 1771, 1969, 2307, 3314, 3553, 3734, 4335, 4567, 4687, 4695, 5004, 5548])
(came%&%[299, 513, 2287, 2313, 2655, 4630, 5202, 5216])
(came,%&%[3978])
(camel,%&%[3467])
(cameleon's%&%[3158])
(cannons%&%[5684])
(canon47%&%[427])
(canon]%&%[1619])
(canvassed%&%[1703])
(capons%&%[3158])
(capricious%&%[2639])
(card,24%&%[5200])
(careless%&%[4988])
(cares,%&%[1551])
(carols,%&%[2663])
(carousal.%&%[1713])
(carried%&%[4231, 4239, 4970, 4998])
(carrion,——Have%&%[2160, 2613])
(cart.%&%[4099])
(cat%&%[5458])
(cause,]%&%[2701])
(caution),%&%[903])
(censure,]%&%[1681])
(century.%&%[4081])
(ceremony%&%[5293])
(certain%&%[1156, 2745, 4380])
(chairs%&%[2721])
(chamber%&%[4530])
(chamber,%&%[5249])
(chap-fallen?%&%[5249])
(character,]%&%[5026])
(character:38%&%[4786])
(characters%&%[5482])
(chiefly%&%[1683, 2321])
(child.%&%[1587, 2271])
(chorus,%&%[4125])
(christians,%&%[3065])
(churchyards%&%[3491])
(clawed%&%[5141])
(clearly%&%[905])
(cleft%&%[3901])
(clings%&%[5054])
(closet:%&%[3537])
(clouds%&%[329, 415, 2689])
(clouds,%&%[4571])
(clowns%&%[3071])
(coinage%&%[3869])
(cold.%&%[963])
(colour:%&%[2218])
(columbine%&%[5002])
(combinèd%&%[1173])
(come.%&%[3899, 4388, 4988, 5104])
(comedian,%&%[4055])
(comes!%&%[1003])
(comes.]%&%[2665])
(command!%&%[1585])
(conceit.61%&%[5546])
(conceive,—friend,%&%[2164])
(conference.%&%[3046])
(confidence%&%[1773, 4067])
(confin'd%&%[1158])
(confine.%&%[242])
(congregation%&%[2237])
(conscience%&%[2545, 2902, 3980, 4113])
(conscious%&%[3980])
(consent):29%&%[315])
(consequences.%&%[1539, 1671])
(considered:%&%[3071])
(consistent%&%[4175])
(constancy%&%[2621])
(consuetudinis.—Cicero.%&%[4021])
(containing%&%[2663])
(contract,%&%[5128])
(contraction%&%[3692, 4201])
(contributes%&%[1747])
(converted%&%[4125])
(converted,%&%[5267])
(copulative%&%[1575])
(correct%&%[4117])
(couch%&%[1285])
(counterfeit%&%[3706, 4203])
(country%&%[4091])
(country's%&%[203])
(country,%&%[2894])
(couple.%&%[4998])
(courtiers:%&%[5279])
(covered%&%[2671])
(crime%&%[4956, 5004])
(crosses%&%[132, 189, 189, 2315, 2981, 3435, 3551, 3861])
(crow-flowers,%&%[4921])
(cry,%&%[4569, 5020])
(cue]%&%[2697])
(cup%&%[4157, 5670])
(cup,%&%[4998])
(currents%&%[2910, 3986])
(cursed%&%[1253, 5356])
(custom?%&%[991])
(customs%&%[4091])
(daisy%&%[5008])
(dallying%&%[4127])
(damn%&%[2541])
(damnèd%&%[1285, 3671, 5824])
(dangerous%&%[1539, 4343])
(dangerous,%&%[5395])
(dark%&%[1649])
(dark."%&%[4139])
(daughter.%&%[2301, 4687])
(daughter.—My%&%[2187])
(daughter:—yet%&%[2168])
(daughter?]%&%[2613])
(day.%&%[1559, 1741, 5458])
(dead.%&%[114, 3273, 5198])
(dear%&%[263, 780, 1183, 1878, 2023, 2025, 2052, 2204, 2222, 2261, 2470, 2501, 3085, 3101, 3174, 3558, 4065, 4413, 4840, 5546, 5792])
(death,79%&%[5847])
(death.%&%[4550, 4889])
(death:%&%[3129])
(deceased.%&%[1601])
(deck'd,%&%[5349])
(declaration,%&%[1773])
(decline%&%[1239])
(deepest%&%[1729])
(deer%&%[3354, 4143])
(defeated%&%[282, 1571])
(defend%&%[1005])
(degradation%&%[1753])
(degree.%&%[4053])
(deliberating%&%[3953])
(delights%&%[2237, 2241])
(deliver'd,%&%[593])
(denominated%&%[1747])
(depart.%&%[511])
(depicted,%&%[5018])
(deserve,%&%[2401])
(desire%&%[1048, 1388, 1408, 2701, 4067])
(desire,%&%[1390])
(desirous%&%[3915, 4269, 4273])
(despatch'd:111%&%[1269])
(despatch,%&%[3516])
(destructive%&%[4007])
(devil:%&%[2533])
(devotion%&%[4970])
(devotion's%&%[2829])
(dew%&%[246])
(dexterity.%&%[5044])
(died:—They%&%[4695])
(dies.]%&%[3635])
(differences,%&%[5526])
(dig%&%[5188])
(digg'd%&%[4139])
(dignity,%&%[1235])
(dirty%&%[5170])
(disappointed,%&%[1273, 1761])
(discharge%&%[3970, 4153])
(discomposed.%&%[4145])
(discourse?%&%[3823])
(discretion.%&%[2332])
(disfigure%&%[4009])
(disgrace%&%[1707])
(disposition]%&%[1783])
(disrespect.%&%[4165])
(distracted;%&%[2729])
(distraction%&%[2437])
(distrust%&%[3240])
(distrust,%&%[3240])
(ditchers,%&%[5092])
(divulgation%&%[1745])
(do't.—Dost%&%[5422])
(do't:%&%[4871])
(do),%&%[1948])
(do:]%&%[4103])
(doctrine%&%[4067])
(done%&%[1160, 3316, 3991, 5595])
(done,%&%[197, 303, 1839, 2073, 2607, 3675, 4437])
(door%&%[3423, 4153])
(dotage%&%[2553])
(doubtful;%&%[5302])
(dove,%&%[5443])
(down%&%[1771, 2321, 2802, 3071, 3186, 4055, 4087, 4143, 4683, 4928])
(down,%&%[984, 1833, 2382, 3663])
(down62%&%[627])
(draughts%&%[984])
(dread%&%[295, 1921, 2892, 3802])
(dressed%&%[4241, 4665])
(drifts%&%[3989])
(drink.%&%[1615, 5711, 5744])
(drinking%&%[1713])
(drive%&%[2770, 3437])
(drives;%&%[2344])
(drooping.%&%[5447])
(ducats%&%[2253])
(duller%&%[1204])
(dulls%&%[863])
(dumb%&%[254, 3061])
(dumb,%&%[587])
(dupp'd15%&%[4530])
(dust%&%[5263, 5267, 5366])
(duty%&%[301, 303, 627, 730, 1957, 1999, 3439, 4151, 4165, 4165, 4165, 5566])
(dying;%&%[4143])
(ear%&%[503, 778, 1212, 2454, 3044])
(ear,%&%[845, 3726, 4211])
(earnest%&%[1577])
(earth%&%[238, 389, 742, 1649, 2969, 3275, 5228, 5234, 5267, 5360])
(earth,%&%[1448, 2237, 4101, 4748, 5273, 5684])
(earth,19%&%[211])
(ease%&%[1206, 1747])
(ease,%&%[199, 4153, 4861, 5526])
(easy%&%[3453])
(effect,]%&%[4966])
(else?%&%[5293])
(emblem%&%[1541, 4998, 5002])
(emblematical%&%[5002])
(emolument%&%[4063])
(enact?%&%[3166])
(encounter'd.%&%[573])
(encumber'd%&%[1464, 1785])
(end,102%&%[1175])
(enemies%&%[2611])
(energies%&%[2695, 4103])
(engraven%&%[4097])
(enmity%&%[1259])
(ensconce%&%[4189, 4189])
(enseamed%&%[3761, 4229])
(enterprises%&%[2908])
(entertain%&%[3995])
(entrance%&%[840])
(entreaty.%&%[1923])
(espials,]%&%[3949])
(espier.%&%[3949])
(estate.%&%[3344])
(esteemed%&%[2611])
(estimate.%&%[4962])
(eternity.%&%[343])
(even%&%[616, 1237, 1271, 2214, 2613, 2671, 3572, 3865, 4189, 5092])
(even,%&%[493])
(even33%&%[2222])
(ever%&%[337, 527, 1183, 1499, 3281, 3499, 4091, 5096, 5878])
(evolutions.%&%[5046])
(excellent%&%[442, 2007, 2206, 2237, 2321, 2583, 2585, 3457, 5249, 5526])
(excess;%&%[1671])
(expend%&%[1910])
(explained%&%[4127])
(expression.%&%[1519, 2591, 4041])
(extant,%&%[3344])
(eyes%&%[669, 2178, 2460, 3146, 3752, 3825])
(eyes,%&%[581, 1171, 2437])
(eyes,8%&%[88])
(face;%&%[3146])
(face?%&%[651, 2476])
(faces%&%[2178])
(faces,%&%[3324])
(face—to%&%[3947])
(faculties%&%[2460])
(faculty.%&%[2675, 4069])
(fairest%&%[1585, 4019])
(faith,%&%[1635, 5267, 5546])
(falconers,]%&%[2673])
(fall.36%&%[4755])
(fall.]%&%[5022])
(falls.%&%[2348])
(fancy;%&%[851])
(fantasy,%&%[76])
(fare%&%[723])
(farewell.%&%[2977])
(farewell:%&%[749])
(farm,%&%[2127])
(fashion.%&%[934])
(fashionable%&%[2677])
(father.%&%[529, 550, 4592, 4638, 4868, 4978])
(father:%&%[372, 393, 1017])
(fatted%&%[2490])
(favour,]%&%[1663])
(favours,%&%[5002])
(fawning.%&%[3099])
(fear,60%&%[585])
(fear.%&%[1651])
(fear:%&%[793, 5397])
(feather.]%&%[2629])
(feature,%&%[3065])
(feed%&%[3093, 3158, 4217])
(feed,%&%[3730])
(feel%&%[2705, 5004])
(feeling.%&%[4197])
(feet%&%[4087])
(feet.]70%&%[3186])
(fellow-student;%&%[515])
(fellow]%&%[4035])
(fencing%&%[5050])
(fencing,%&%[5038])
(fennel%&%[4695, 5002])
(fetch%&%[5116])
(fidelity%&%[4998])
(fighting%&%[3812])
(film141%&%[3893])
(final,%&%[1577])
(finds%&%[2336, 5074])
(fine,%&%[4855])
(fingers%&%[1495, 3453, 5391])
(fire,%&%[238, 2237, 4942])
(fires,100%&%[1158])
(fires,]%&%[1737])
(firm%&%[3501])
(first.%&%[3261])
(fishmonger.%&%[2168])
(fishmonger.26%&%[2148])
(fits%&%[1914])
(fix'd%&%[425, 669])
(flashes%&%[5249])
(flatter'd?%&%[3093])
(flattering%&%[3889])
(flaxen%&%[4715])
(flints,%&%[5310])
(flood%&%[5064])
(flood,%&%[1080, 1729])
(flourishes,—%&%[1965])
(flow%&%[3955, 5006])
(flowers.%&%[4972])
(flowers;]%&%[4972])
(foe.%&%[1637])
(folded.%&%[1785])
(follow'd%&%[460])
(follow?%&%[5279])
(following;%&%[5291])
(follows%&%[2309])
(follows,%&%[2311])
(food,%&%[3275])
(fool%&%[2973, 3071, 3477, 4171, 4231, 5206])
(fool,%&%[3657, 4241])
(for;%&%[2218])
(for?%&%[2214, 5188])
(forgotten%&%[3194])
(form.%&%[4023])
(formerly%&%[4127, 4966])
(forty%&%[5410])
(forty,%&%[2253])
(found%&%[1948, 5078])
(four%&%[4067, 5672])
(frequent%&%[1575, 3951])
(fretful%&%[1177, 1743, 2639])
(friend%&%[335, 1773, 2411, 2611])
(friends;%&%[4335])
(from%&%[102, 311, 485, 497, 620, 646, 753, 948, 1009, 1009, 1115, 1171, 1316, 1378, 1559, 1587, 1589, 1635, 1709, 1735, 1777, 1783, 1890, 2009, 2069, 2099, 2123, 2189, 2243, 2263, 2435, 2565, 2565, 2575, 2613, 2651, 2651, 2651, 2661, 2677, 2727, 2731, 2894, 2961, 3036, 3065, 3089, 3238, 3238, 3277, 3393, 3457, 3692, 3740, 3776, 3790, 3970, 3978, 3993, 4095, 4101, 4151, 4151, 4179, 4193, 4199, 4201, 4231, 4273, 4273, 4279, 4322, 4361, 4550, 4748, 4762, 4859, 4881, 4883, 5006, 5006, 5018, 5042, 5042, 5186, 5330, 5385, 5391, 5508, 5591, 5599, 5880])
(frowningly?%&%[656])
(fruitful.—Johnson.%&%[2607])
(further.%&%[1126])
(gall%&%[2486, 2705, 2705, 4887])
(gallantry.%&%[4087])
(gaudy:%&%[851])
(gauntlet,%&%[5018])
(general:59%&%[2321])
(general;]%&%[2677])
(gentlemen;%&%[1113])
(german62%&%[5552])
(gestures%&%[2647])
(get%&%[20, 4361, 5002, 5116, 5249])
(ghost!%&%[1141])
(gibes%&%[5249])
(girl.%&%[1703])
(givers%&%[2945])
(gives%&%[1615, 2478, 2961])
(giving%&%[1472, 2695, 3997])
(gladdens%&%[1611])
(glimpses%&%[1034])
(gloss%&%[2629])
(go.%&%[317, 1101, 1973, 2977, 2981, 3055, 4017])
(go:%&%[1839, 4171])
(goes%&%[1823, 2237, 3152, 3525, 4343])
(goes,%&%[2156, 3865])
(goes,8%&%[5084])
(going%&%[1773, 3537])
(gone!%&%[219])
(good;%&%[2380])
(goodly%&%[538, 2237])
(grace.%&%[5004])
(gracious;%&%[5506])
(grass%&%[3429, 4157, 4157])
(grave?%&%[2184, 5424])
(graves%&%[179])
(gravest%&%[4986])
(greater%&%[1587])
(green;24%&%[265])
(grief21%&%[4655])
(grief]%&%[4992])
(ground:94%&%[1056])
(ground:]%&%[1725])
(guard?%&%[26])
(guilty%&%[227, 1555, 1625, 2513, 5084])
(guilty,%&%[2456])
(ha'%&%[5090])
(hair%&%[1175, 4035])
(hand!%&%[5397])
(hands.%&%[1099, 2259, 4151])
(hands:%&%[3663])
(handy%&%[4051])
(hang%&%[329, 450, 5092])
(hang,%&%[4926])
(hangers,60%&%[5546])
(hangers.%&%[5550])
(hardy%&%[1109])
(harrows%&%[116, 1527])
(harsh%&%[5882])
(harte%&%[4143])
(has%&%[72, 1695, 1703, 1733, 1737, 2395, 2395, 3978, 4017, 4093, 5004, 5520, 5546])
(hast%&%[193, 209, 1281, 3105, 3587, 3637, 3901, 5200])
(hast,%&%[832, 3091])
(hat.]%&%[5524])
(hatchment%&%[4744, 5018])
(hate%&%[1869, 2563, 2565])
(he'll%&%[4113])
(he?%&%[1819, 4364])
(head.%&%[1277, 4982, 5510])
(head:%&%[5520])
(healing%&%[5040])
(health.%&%[5715])
(hear%&%[37, 98, 501, 753, 2407, 2751, 2762, 2766, 2840, 3061, 3541, 3579, 4181, 4771, 5082])
(hear,%&%[2397])
(heard%&%[974, 1884, 2321, 2511, 2981, 3065, 3310, 4007])
(heard,%&%[230])
(heart%&%[1363, 2056, 2505, 2601, 3121, 3457, 3901])
(heart's%&%[3121])
(heart,%&%[470, 3121, 3499, 4795, 5878])
(heart-ache,%&%[2859])
(heartily.%&%[1398])
(heat.%&%[1765])
(heaven-kissing%&%[3716])
(heaves:%&%[4281])
(heir%&%[2861])
(help,5%&%[4398])
(help,]%&%[4960])
(helps,%&%[1846])
(her?%&%[2009, 2448, 5414])
(here.%&%[2819])
(here.114%&%[3572])
(hern-shaw.]%&%[2651])
(hide%&%[1869, 2563, 5234])
(high%&%[175, 246, 2671])
(high,%&%[2671])
(hill;%&%[3716])
(hilts,%&%[5546])
(him!—Look%&%[3835])
(him,17%&%[2025])
(him.%&%[254, 587, 2609, 2755, 3369, 3572, 3574, 3925, 4055, 4185, 4361, 4380, 4626, 5462, 5506])
(him2%&%[2741])
(him:%&%[2119, 4322, 4345])
(him;]%&%[4027])
(himself.%&%[2569, 2833, 3030])
(himself:%&%[5084])
(his%&%[4, 104, 234, 236, 242, 315, 542, 583, 654, 669, 696, 758, 772, 778, 809, 824, 828, 914, 920, 938, 976, 982, 984, 988, 1027, 1084, 1187, 1220, 1227, 1229, 1300, 1488, 1563, 1577, 1577, 1589, 1589, 1589, 1589, 1619, 1657, 1663, 1673, 1673, 1691, 1713, 1731, 1733, 1757, 1761, 1765, 1767, 1773, 1783, 1783, 1803, 1805, 1805, 1823, 1825, 1825, 1833, 1837, 1839, 1841, 1841, 1844, 1844, 1858, 1888, 2029, 2038, 2069, 2101, 2123, 2187, 2245, 2245, 2245, 2253, 2269, 2287, 2328, 2338, 2340, 2346, 2395, 2401, 2433, 2433, 2435, 2437, 2439, 2442, 2527, 2553, 2553, 2553, 2583, 2593, 2597, 2597, 2599, 2613, 2615, 2617, 2623, 2627, 2639, 2639, 2655, 2665, 2669, 2673, 2681, 2693, 2695, 2695, 2695, 2695, 2695, 2711, 2739, 2770, 2793, 2810, 2885, 2961, 2996, 3010, 3014, 3016, 3026, 3028, 3034, 3040, 3042, 3135, 3146, 3150, 3194, 3316, 3344, 3385, 3391, 3514, 3537, 3567, 3648, 3720, 3728, 3778, 3790, 3863, 3867, 3941, 3953, 3978, 3978, 3999, 4009, 4011, 4017, 4017, 4055, 4075, 4079, 4091, 4091, 4143, 4143, 4143, 4157, 4157, 4213, 4237, 4253, 4289, 4293, 4322, 4470, 4472, 4484, 4486, 4497, 4528, 4614, 4628, 4679, 4687, 4709, 4715, 4721, 4742, 4744, 4797, 4827, 4829, 4917, 4956, 4956, 5018, 5026, 5084, 5084, 5116, 5132, 5139, 5141, 5170, 5170, 5170, 5170, 5170, 5170, 5210, 5222, 5234, 5234, 5249, 5432, 5458, 5508, 5510, 5520, 5524, 5538, 5540, 5544, 5560, 5593, 5828, 5849, 5892, 5892])
(his."%&%[1599])
(historical%&%[4089])
(history.%&%[3379])
(hither%&%[2243])
(hither,%&%[2281, 2779, 3174, 5578])
(hits.%&%[5560])
(ho!%&%[37, 3180, 3619, 3621, 5777])
(honesty%&%[2178, 2613, 2957, 2961, 2961, 3995, 3995])
(honour'd%&%[625, 999, 2936])
(hop'd%&%[5347])
(horrid%&%[2454, 4173])
(hour,13%&%[164])
(hour.%&%[18])
(house.%&%[2973])
(howsoever%&%[1287])
(humorous%&%[2245, 2639])
(hundred%&%[2253])
(hung%&%[4179, 5018, 5249])
(hush%&%[2356])
(i'%&%[3344, 4139])
(i.e.%&%[4149, 4159])
(i.e.,%&%[1509, 1517, 1527, 1529, 1539, 1571, 1595, 1599, 1613, 1619, 1621, 1627, 1629, 1637, 1639, 1647, 1649, 1651, 1653, 1659, 1665, 1673, 1677, 1683, 1685, 1687, 1695, 1703, 1707, 1711, 1721, 1727, 1731, 1745, 1747, 1751, 1765, 1767, 1783, 1785, 2557, 2565, 2569, 2573, 2581, 2595, 2597, 2601, 2603, 2605, 2613, 2627, 2635, 2641, 2647, 2667, 2693, 2695, 2701, 2705, 2711, 3945, 3959, 3976, 3982, 3993, 3995, 4009, 4027, 4033, 4043, 4047, 4051, 4057, 4063, 4077, 4101, 4103, 4115, 4117, 4135, 4145, 4147, 4151, 4163, 4173, 4183, 4191, 4195, 4199, 4203, 4221, 4229, 4231, 4245, 4249, 4261, 4958, 4960, 4964, 4972, 4990, 5000, 5004, 5006, 5016, 5022, 5024, 5030, 5032, 5040, 5042, 5044, 5048, 5064])
(ignorance%&%[5628])
(ill-breeding%&%[4451])
(ills%&%[2898])
(imagination%&%[2969, 5249, 5263])
(imponed,59%&%[5546])
(importance.%&%[3982])
(important%&%[1637, 3802])
(imports%&%[4431, 4474, 5528])
(impressed%&%[1693])
(impulse;%&%[2593])
(in't,%&%[5182, 5184, 5184])
(in,29%&%[2969])
(in-urn'd,%&%[1025])
(in.139%&%[3873])
(incest.%&%[1285])
(inch%&%[5249])
(inclin'd.%&%[2766])
(inclination%&%[2625])
(incline%&%[4171])
(increase%&%[452])
(indeed;%&%[5180])
(indulgence.%&%[4229])
(ineffectual%&%[1300])
(ingredients%&%[5042])
(innocence.%&%[4199])
(innocent%&%[3686, 4143, 4199])
(inoculate%&%[2965])
(insolence%&%[2881])
(instantly%&%[1934])
(instead%&%[1733])
(intense%&%[4069])
(interest%&%[1637])
(interpreter,%&%[4127])
(interprets%&%[3997])
(interrupted%&%[1571])
(intrigues%&%[4970])
(introduction%&%[1565])
(irascible%&%[1743])
(is%&%[66, 130, 232, 329, 345, 383, 456, 468, 509, 736, 787, 889, 910, 946, 963, 965, 972, 997, 1042, 1134, 1406, 1408, 1444, 1486, 1497, 1563, 1565, 1575, 1575, 1587, 1587, 1589, 1589, 1611, 1615, 1617, 1625, 1633, 1669, 1677, 1735, 1735, 1757, 1761, 1761, 1761, 1771, 1852, 1959, 1959, 1963, 1967, 1979, 1997, 2005, 2025, 2064, 2105, 2156, 2164, 2172, 2187, 2210, 2210, 2218, 2237, 2237, 2253, 2253, 2253, 2263, 2269, 2271, 2317, 2317, 2372, 2380, 2401, 2499, 2539, 2553, 2557, 2577, 2579, 2579, 2583, 2593, 2593, 2613, 2613, 2613, 2613, 2637, 2645, 2645, 2645, 2651, 2651, 2659, 2667, 2667, 2669, 2669, 2671, 2677, 2677, 2677, 2691, 2791, 2846, 2861, 2961, 2985, 3002, 3065, 3071, 3119, 3125, 3140, 3200, 3236, 3273, 3316, 3316, 3320, 3344, 3401, 3411, 3423, 3429, 3439, 3457, 3469, 3471, 3481, 3644, 3726, 3736, 3742, 3770, 3817, 3869, 3879, 3899, 3947, 3953, 3953, 3957, 3966, 3970, 3972, 3974, 3993, 4005, 4011, 4015, 4017, 4017, 4017, 4017, 4023, 4035, 4039, 4055, 4065, 4073, 4073, 4081, 4085, 4091, 4095, 4095, 4101, 4111, 4121, 4121, 4135, 4143, 4151, 4157, 4165, 4165, 4169, 4193, 4199, 4205, 4207, 4217, 4219, 4231, 4241, 4251, 4289, 4304, 4343, 4351, 4359, 4364, 4380, 4398, 4411, 4417, 4417, 4423, 4447, 4459, 4480, 4482, 4515, 4548, 4560, 4579, 4604, 4620, 4687, 4691, 4695, 4697, 4707, 4717, 4717, 4755, 4782, 4885, 4915, 4934, 4956, 4956, 4962, 4970, 4970, 4976, 4980, 4980, 4980, 4982, 4984, 4986, 4988, 4990, 4996, 5000, 5004, 5012, 5022, 5084, 5086, 5092, 5100, 5104, 5166, 5178, 5182, 5182, 5184, 5196, 5206, 5234, 5234, 5267, 5279, 5296, 5313, 5374, 5381, 5416, 5439, 5452, 5454, 5500, 5506, 5514, 5516, 5518, 5520, 5520, 5526, 5526, 5540, 5560, 5572, 5576, 5576, 5580, 5652, 5711, 5748, 5748, 5754, 5779, 5796, 5804, 5808, 5810, 5828, 5831, 5890])
(is,%&%[1402, 1563, 1587, 1957, 3065, 3852, 4003, 4063, 4157, 4157, 4169, 4251, 5080, 5084])
(is—%&%[5534])
(it!%&%[1335, 5841])
(it.54%&%[4944])
(it.]%&%[1689, 5064])
(it.—You%&%[2273])
(it:]%&%[4001])
(it:—stay,%&%[215])
(it]%&%[1779])
(itself]%&%[1617])
(jelly%&%[585])
(join%&%[3148, 4318])
(journeymen%&%[3065])
(joy—31%&%[4697])
(judgment.%&%[847])
(judgment60%&%[3113])
(judgment:%&%[3738])
(jump%&%[164])
(justifiably%&%[3949])
(keeps%&%[2735, 4079])
(kept%&%[591, 1867, 2561, 2565, 5273])
(kill%&%[3170, 3648, 3650])
(kind:%&%[3929])
(king!%&%[3650, 4569, 4573])
(king.]%&%[1639])
(kings.%&%[4231, 4241])
(kings;]%&%[4231])
(knaves,%&%[2969])
(knavish%&%[3316])
(knocking%&%[1805])
(knowledge,%&%[2553])
(lack'd%&%[3012])
(lacks%&%[970])
(lady%&%[2245, 2317, 2641, 2641, 3306, 3997])
(lady's%&%[5249])
(lady,%&%[2025, 2671, 3653, 4474, 4480])
(ladyship%&%[2317])
(lain%&%[5234])
(language.%&%[4041])
(lash%&%[2838])
(last%&%[4081, 5116, 5202, 5230, 5230, 5308, 5470])
(last,%&%[313, 1848, 2317])
(latch.%&%[4980])
(late%&%[895, 1711, 2237, 2386])
(late,%&%[912, 3236])
(law%&%[2289, 2659, 4345])
(law's%&%[2879])
(leaping%&%[5385, 5424])
(learning%&%[1777])
(lecherous,%&%[2494])
(length%&%[1823])
(lest%&%[2613, 5536])
(liege,%&%[1954])
(life-time,%&%[3978])
(life.%&%[1621, 2189, 2615, 5084])
(life;]%&%[3964])
(lifted%&%[612, 1657])
(light%&%[1765, 1848])
(lightness;%&%[2079])
(likely.%&%[2088])
(list%&%[778, 1470])
(list,%&%[1181])
(little%&%[177, 325, 458, 1587, 1831, 1896, 2613, 3457, 4614, 4863, 4962, 5000, 5136])
(little,%&%[3012])
(live.%&%[2397])
(live;]%&%[4015])
(lock'd:%&%[5798])
(locked%&%[2599])
(long.%&%[2372])
(looked%&%[656])
(loose%&%[2119, 2663])
(lord,—you%&%[3162])
(lord;%&%[331, 654, 1856, 2212, 2421, 3164, 3172, 4366, 4567, 4807, 5520, 5526, 5644, 5746])
(lord?%&%[534, 980, 1343, 1346, 1417, 2146, 2168, 2172, 2182, 2216, 2220, 2261, 2293, 2311, 2319, 2951, 3196, 3405, 4838, 5251, 5779])
(lordship?%&%[2955])
(loses%&%[861])
(losing%&%[5222])
(loud,%&%[616])
(love%&%[932, 1235, 1484, 1488, 2023, 2046, 2058, 2121, 2233, 2307, 2565, 2793, 2961, 3228, 3234, 3257, 3344, 3417, 3439, 3885, 4165, 4427, 4466, 4970, 5614])
(love,%&%[565, 1197, 2222, 2599, 2879, 3244, 3324, 3686, 4127, 4199, 4691, 5124, 5412, 5614])
(love,——%&%[1183])
(love-making,%&%[2597])
(love;3%&%[1852])
(loved%&%[2299, 2965])
(lowest%&%[3457])
(lungs?%&%[2480])
(lust%&%[1229])
(luxury113%&%[1285])
(mad.%&%[1863, 2981])
(mad:%&%[1967, 5210])
(madam.%&%[403])
(maggots%&%[2160, 2613, 2613])
(magick%&%[3338])
(maid69%&%[787])
(maid]%&%[1669])
(majesty;%&%[4764])
(make%&%[35, 485, 497, 505, 1117, 1421, 1511, 1523, 1633, 1635, 1653, 2210, 2253, 2488, 2623, 2705, 2705, 2902, 2977, 2981, 2981, 3065, 3065, 3071, 3401, 3457, 3457, 3839, 3980, 4009, 4526, 4893, 4897, 4919, 5074, 5249, 5267, 5762, 5841])
(make,%&%[1773, 3407])
(make15%&%[2885])
(man%&%[364, 845, 1363, 1390, 1486, 2042, 2156, 2237, 2245, 2271, 2401, 2553, 2553, 2611, 2639, 2639, 3081, 3109, 3117, 3190, 3966, 4343, 4417, 4417, 5084, 5188, 5226, 5228, 5536])
(man's%&%[847, 1681, 2645, 2877, 3194, 4079, 4673])
(man,%&%[540, 1259, 2243, 3065, 5190])
(man,—%&%[5867])
(manners%&%[1595, 4011, 4043])
(mar%&%[2641])
(march!%&%[3991])
(margin%&%[3972])
(marriage%&%[523, 1589, 3688, 4201])
(martial%&%[166])
(mask.%&%[4970])
(mason,%&%[5100, 5106])
(master's%&%[4687])
(masters;%&%[2317])
(match'd,%&%[2342])
(matter;%&%[5454])
(matter?%&%[1795, 3585, 4560])
(me.%&%[187, 631, 914, 1128, 1302, 1527, 1629, 1693, 1809, 1848, 1860, 2222, 3168, 3174, 3417, 4077, 4169, 5591, 5626, 5746])
(me:%&%[195, 201, 2027, 2214, 2541, 2969, 4437])
(me:—99%&%[1117])
(mean?%&%[4780])
(meaner%&%[4037])
(means%&%[830, 1703, 1709, 1713, 1715, 1735, 1761, 2187, 2731, 2955, 3196, 3198, 3970, 4011, 4035, 4093, 4095, 4261, 4742, 4996, 5014, 5038])
(means,%&%[2031, 3955, 4513, 4645, 4990])
(measure%&%[2641])
(medicine%&%[5806])
(medicine."%&%[4143])
(meditation%&%[1197])
(melancholy%&%[2537, 3016])
(men%&%[1906, 2178, 2977, 3103, 4091, 5214])
(men's%&%[742])
(men,%&%[3065, 4051])
(mend%&%[5116])
(merry?%&%[3190])
(mew,45%&%[5458])
(mighty,%&%[4776])
(mind%&%[1535, 1723, 2245, 2553, 2641, 2849, 2942, 2985, 5578])
(mind's%&%[536])
(mind,%&%[1289, 3966])
(mine!%&%[1243])
(mine.65%&%[3160])
(mine.]%&%[4077])
(ministers%&%[1005])
(miraculous%&%[2523])
(mirth,%&%[2237])
(mischief%&%[2565])
(mistake%&%[1625, 4013, 4013])
(mistress.%&%[2317])
(mock%&%[515, 2421, 5249, 5635])
(modesty;%&%[3682])
(monument:47%&%[5476])
(moor?125%&%[3732])
(more;%&%[2313, 3763])
(morn,%&%[232, 244])
(morrow%&%[4776])
(mother!%&%[3411])
(mother.]%&%[4984])
(motion,%&%[614])
(motion48%&%[4895])
(motive%&%[2450])
(motive,%&%[5610])
(mountains%&%[4308])
(mountains,%&%[5428])
(mouse-trap.81%&%[3316])
(move;%&%[2016])
(moves%&%[5524])
(moving%&%[2237])
(murder!%&%[5149])
(murder83%&%[3316])
(musick%&%[2996])
(mutability%&%[2645])
(mutes%&%[5845])
(mutine,127%&%[3744])
(myself,109%&%[3539])
(myself.%&%[479, 1138])
(names.%&%[1733])
(naturally%&%[4251])
(nature]%&%[1721])
(nay,%&%[352, 2214, 4476])
(near.%&%[795])
(near:%&%[2210])
(need%&%[1476, 1882])
(need,%&%[2417])
(neglect%&%[4243])
(negligence,]%&%[4988])
(nicely%&%[1703])
(nickname%&%[2981])
(night.%&%[31, 47, 56, 1649, 2417, 3925, 4540])
(night:%&%[2411, 3907])
(night;]%&%[1521])
(nine%&%[5230, 5230])
(no?%&%[2222])
(noble%&%[339, 708, 1216, 1343, 1967, 2237, 2942, 2985, 2998, 4746, 5263, 5298, 5833])
(noise%&%[3677])
(none.%&%[3505])
(none:%&%[610])
(not)%&%[2237])
(not,41%&%[3046])
(note%&%[1472, 3369, 3457])
(note,%&%[393])
(nothing;%&%[2468, 3107])
(now!]%&%[3991])
(now%&%[20, 106, 277, 1985, 2081, 2557, 2929, 2961, 3267, 3489, 3497, 3525, 4037, 4039, 4055, 4079, 5110, 5149, 5170, 5752])
(now,%&%[143, 290, 303, 323, 1410, 1795, 3065, 3457, 3595, 3724, 3865, 4461, 5104, 5170, 5234, 5249, 5249])
(nowhere%&%[2973])
(nunnery;%&%[2977])
(o'er-reaches;%&%[5149])
(o'erdoing%&%[3061])
(o'ersways%&%[5304])
(o'this%&%[5253])
(oath,%&%[1434, 4526])
(obedience,%&%[1999, 2027])
(obeyed%&%[2607])
(obligation%&%[2222])
(obligation,%&%[378])
(obsequies%&%[5300])
(observ'd%&%[2992])
(observance.%&%[999])
(occupied%&%[4037, 4996])
(odds.%&%[5650])
(of]%&%[5028])
(off,49%&%[3065])
(offence%&%[3310, 3312, 4755])
(offence,%&%[1400, 1404])
(oft;%&%[5249])
(often%&%[1677, 2187, 2350])
(on't.%&%[5155])
(on't:%&%[4526])
(once;%&%[538, 2321])
(one%&%[269, 683, 1414, 1703, 1761, 2156, 2653, 2657, 2661, 2663, 2721, 2981, 3138, 3250, 3320, 4009, 4009, 4015, 4039, 4047, 4143, 4417, 4827, 5149, 5249, 5249, 5626])
(one's%&%[4199])
(one,%&%[3107])
(one—%&%[108])
(only.%&%[4017])
(op'd%&%[1027])
(open%&%[2619, 4153, 4239])
(opinion,%&%[171])
(opposition%&%[5558])
(oppression%&%[2488, 2705])
(orchard,106%&%[1210])
(orchis,%&%[5052])
(order%&%[1529, 2753, 4167])
(order,33%&%[5304])
(organ;%&%[3457])
(origin%&%[3034])
(origin,%&%[2637])
(orisons]%&%[3993])
(ostentation,—%&%[4746])
(otherwise:%&%[2099])
(ourselves,%&%[1928, 2787])
(out%&%[986, 1210, 1497, 1539, 1563, 1775, 1846, 1987, 2031, 2064, 2156, 2182, 2187, 2269, 2397, 3000, 3457, 3491, 3865, 4033, 4065, 4077, 4135, 4293, 4532, 4835, 4838, 5090, 5182, 5234])
(out,%&%[1104, 1472, 2370, 2745, 4825])
(out.53%&%[4938])
(outlive%&%[3194])
(outrageous%&%[2851])
(outward%&%[1965])
(over.%&%[5062])
(overcame%&%[5202])
(overdone%&%[3065])
(overdone,%&%[3065])
(overwhelms%&%[1527])
(owing%&%[1517])
(own%&%[153, 505, 809, 1392, 1551, 1655, 1673, 1673, 1783, 2214, 2401, 2433, 2599, 2973, 3065, 3065, 3065, 3423, 3748, 4079, 4091, 4153, 4153, 4153, 4157, 4811, 5072, 5076, 5084, 5084, 5249, 5285, 5783, 5785])
(own."%&%[2593])
(ownself%&%[865])
(pace!%&%[3991])
(pah!%&%[5257])
(pain,%&%[5882])
(paint%&%[5249])
(pale%&%[1300, 2693, 2906, 3835, 5843])
(palm%&%[836])
(pansies,25%&%[4691])
(pansies,]%&%[5000])
(paragon37%&%[2237])
(pardon%&%[3401, 4776, 5004, 5597, 5746])
(pardon,%&%[5595])
(parleyed%&%[3995])
(party-coloured%&%[4241])
(passage%&%[1737, 2659, 4137])
(pastors%&%[801])
(pate%&%[2474, 5149, 5432])
(patron%&%[4093])
(pause,%&%[2358])
(pearl%&%[5711])
(peep.%&%[3825])
(perceive?%&%[3363])
(perfectly%&%[2631])
(permanent,%&%[764])
(perrywig-pated%&%[3061, 4035])
(person;%&%[2699])
(personage%&%[4039, 4041])
(persons%&%[770, 4123, 4251])
(perséver39%&%[381])
(perusal%&%[1827])
(peruse%&%[4861])
(pestilent%&%[2237])
(pick-axe%&%[5160])
(pickled,%&%[2677])
(picture%&%[2253, 4203])
(picture,%&%[3703])
(piece%&%[68, 1519, 2237, 3316])
(pile%&%[5366])
(pipe%&%[3115])
(pity%&%[1981, 5092])
(plague%&%[2977])
(plain%&%[948, 4027])
(play.%&%[364, 5621])
(play:%&%[738])
(players%&%[2243, 2245, 2397, 2523, 2745, 3061, 3065, 3170])
(players,%&%[2665])
(playing%&%[2669])
(playing,%&%[3065])
(please%&%[891, 1908, 2819, 3044, 3401])
(pleased%&%[2321])
(pleasures%&%[1921])
(pleasures,%&%[1898])
(plucks%&%[3692, 4201])
(poet%&%[1625, 1733])
(poet's%&%[2587])
(point:%&%[5080])
(poison.%&%[1757])
(poor%&%[460, 481, 1141, 1241, 1312, 1392, 1414, 1486, 2132, 2214, 2945, 3093, 4661, 5249])
(porches%&%[1255])
(positively%&%[2092])
(possess%&%[3995])
(post.%&%[4])
(potent%&%[2539, 5888])
(poultice—a%&%[5040])
(powers%&%[2695, 3246, 4103])
(powers,%&%[2979])
(pray%&%[389, 401, 515, 712, 2929, 3061, 3445, 3520, 4331, 4476, 4544, 4584, 4691, 4723, 5462, 5746, 5760])
(pray'st%&%[5389])
(prayers.%&%[3993])
(preceded%&%[261, 419, 2723, 3154])
(precepts%&%[826, 2066])
(presently.%&%[3463])
(pressures%&%[1318])
(pretend%&%[4013])
(pretty%&%[4505])
(priest,38%&%[5332])
(prison-house,%&%[1165])
(prison-house."—Malone.%&%[3978])
(privy%&%[203])
(proceed%&%[2334])
(process:]%&%[4964])
(process]%&%[1751])
(procession;%&%[5291])
(profession.%&%[5092])
(projects%&%[1731])
(promontory;%&%[2237])
(pronouncing%&%[1466])
(proof.%&%[2961])
(prophesy%&%[2273])
(prophetic%&%[1222])
(pros%&%[2579])
(prudence.%&%[1685])
(published%&%[2657])
(puff'd%&%[805])
(punishment—"And%&%[1737])
(purer%&%[3905])
(purport,%&%[1807])
(purpose%&%[2770, 3065, 4905, 5048])
(purpose,%&%[2328, 4873, 5096, 5560])
(pursue%&%[3279])
(pursued%&%[2577])
(queen%&%[2052, 2218, 2237, 2380, 2629, 3040, 3463, 5777])
(queen,%&%[277, 1269, 2565, 3397, 3605, 5279])
(queen?63%&%[2378])
(queen—%&%[2376])
(question%&%[3593, 5096, 5116])
(question,%&%[1715, 2613])
(quibble%&%[1589, 5004])
(quick;%&%[5184])
(quicksilver,%&%[1261])
(quietus%&%[2885, 3970])
(quills%&%[1177])
(quite%&%[2992, 5888])
(quite,%&%[2992])
(rack]%&%[2689])
(raillery%&%[4055])
(rais'd%&%[1835])
(range—a%&%[2575])
(rapiers%&%[5546])
(rare%&%[2613])
(rare,%&%[4879])
(rascal,%&%[2464])
(read,%&%[2168, 2176])
(read.71%&%[809])
(reading.%&%[2132])
(reasonable%&%[4053])
(rebellion%&%[4606])
(reckon%&%[2023])
(red?%&%[664])
(reform),%&%[4273])
(reformed%&%[3069])
(reliev'd%&%[52])
(reluctant,%&%[1577])
(remain.%&%[4001])
(remedy.%&%[1902])
(remember?%&%[450])
(remembrances%&%[2925])
(remiss,41%&%[4857])
(render%&%[1138, 1665])
(repent%&%[5004])
(requiem,37%&%[5326])
(reserve.%&%[2605, 4027])
(residence,%&%[2249])
(respect%&%[3963])
(rest6%&%[1894])
(restore%&%[2979])
(return.%&%[4776])
(returns.]%&%[3655])
(revenge%&%[2503, 4135])
(revenge,%&%[1150, 4683])
(rhapsody%&%[3696])
(rhymes.%&%[2589])
(rich:%&%[2940])
(richest%&%[4091])
(right.%&%[4731])
(ring.%&%[4097])
(ring?]%&%[4097])
(rivet%&%[3146])
(rogue%&%[2427])
(rosemary%&%[4998])
(rosemary,%&%[4691, 4998])
(rotten%&%[5230])
(round%&%[2060, 2667, 3042, 3224, 3574, 3955, 4027, 4143, 5482])
(rouse,88%&%[982])
(roused%&%[2360])
(row%&%[2313, 2663, 2663])
(rue%&%[4695, 4695, 5004, 5004, 5004, 5004, 5006])
(rugged%&%[2323, 2325])
(rul'd%&%[4804])
(rushes%&%[3630])
(russet%&%[244])
(sables%&%[4091])
(sacrament%&%[1761])
(sadness;%&%[2077])
(safety%&%[774, 793])
(safety,%&%[4392])
(sail,72%&%[820])
(sail,]%&%[1675])
(saints%&%[4093])
(salt%&%[3226])
(salvation?%&%[5072])
(same%&%[102, 114, 1761, 2249, 2583, 2681, 2681, 3917, 3978, 4205, 5004, 5242])
(same,%&%[481])
(sanity%&%[2187])
(sat%&%[4127])
(satirise.%&%[4011])
(satisfied%&%[5608])
(satyr:50%&%[444])
(satyr:]%&%[1625])
(say!%&%[3804])
(say)%&%[3061])
(says:%&%[3409])
(school.%&%[5050])
(scourge%&%[4351, 4956])
(scullion!%&%[2509])
(se%&%[5080])
(seal'd%&%[3105, 4423])
(seats%&%[3375])
(second.%&%[1733])
(secrecy%&%[589, 2237, 2629])
(security.%&%[4175])
(see!%&%[3004])
(see.137%&%[3852])
(see.]%&%[4251])
(seed;%&%[436])
(seem%&%[1837, 2237, 2673, 2749, 3457, 3720])
(seem,%&%[362, 4007])
(seen.9%&%[96])
(seen.]%&%[1525])
(sense%&%[1563, 1575, 1735, 2557, 4165, 4223, 4966])
(sent.%&%[3945])
(set%&%[1070, 1499, 1535, 2178, 2321, 2627, 2669, 3071, 3071, 3609, 3613, 3720, 4055, 4776, 4853, 4962, 5074, 5249, 5466, 5723])
(shake%&%[1038, 1386])
(shape,]%&%[1715])
(shape;%&%[2535])
(shaping%&%[2623, 5026])
(sharp,%&%[1709])
(sheeted%&%[179])
(shelf%&%[3776, 4235])
(shop,%&%[4073])
(shortens%&%[5084])
(shot%&%[785, 978, 5603, 5719])
(shows%&%[360, 387, 1298, 3061, 3071, 4917])
(shows,%&%[4127])
(shuffling,%&%[4863])
(sick%&%[24, 3236])
(sicklied%&%[2906])
(side.]%&%[3176, 3867])
(sides.%&%[5552])
(sight;22%&%[2058])
(signified%&%[1523, 1715, 5004, 5008, 5010])
(simple%&%[1631])
(simples,]%&%[5042])
(since%&%[1963, 2317, 2613, 2613, 4093, 5572, 5650])
(since,%&%[4813])
(sings.%&%[5122])
(sir.%&%[493, 5190, 5532, 5635, 5690])
(sir.—%&%[5172])
(sir.—Dost%&%[5502])
(sir:%&%[2178, 2273, 5595])
(sirrah?%&%[5170])
(sit%&%[740, 3154, 3174, 3611, 3663, 4037, 5447])
(six%&%[5546, 5546])
(slain;%&%[5804])
(sleep!%&%[2865])
(slings%&%[2851])
(slowly%&%[5896])
(so.%&%[2044, 2237, 2963, 3158, 3479, 5078, 5255, 5265])
(so:%&%[2323, 3053, 3603, 5136, 5546])
(soft%&%[5526])
(soft,%&%[185])
(solemn%&%[577, 4893])
(solicitings,19%&%[2029])
(solicits%&%[5004])
(something%&%[145, 891, 2253, 2525, 2892, 3014, 3429, 4157, 4291, 5395])
(something-settled%&%[3026])
(sometimes%&%[128, 2112, 2187, 2651, 2671])
(son%&%[1589, 1967, 2501, 3798, 5735])
(son,%&%[1587, 3411, 3827, 5408, 5466])
(son,——%&%[323])
(song?%&%[4474])
(soon.—Good,%&%[2397])
(sorrow.%&%[5004])
(soul!%&%[1222, 4721, 5385])
(soul61%&%[3133])
(soul;101%&%[1169])
(soul]%&%[4065, 4069])
(soule's%&%[1551])
(souls.%&%[5328])
(sound.]%&%[5741])
(sounded%&%[2733])
(sovereign%&%[1919, 2998, 4431, 4964])
(space%&%[1649])
(spades,%&%[5070])
(spake,%&%[3012])
(sparrow.%&%[5580])
(speak%&%[88, 98, 254, 587, 605, 710, 916, 1015, 1436, 1952, 2168, 2321, 2397, 2521, 3065, 3071, 3413, 3463, 3505, 3750, 3763, 3847, 4051, 4324, 4445, 5170, 5200, 5526])
(speak,%&%[225, 5680])
(speak;—or,%&%[1470])
(specific%&%[1775])
(spectators.%&%[4057])
(speech%&%[2317, 2321, 2321, 2417, 2838, 3549, 4183, 4942])
(speech,%&%[938, 2319, 3061, 3138])
(speedy%&%[3520])
(spend%&%[321, 1583])
(sphere;%&%[2064])
(spies%&%[4017])
(spies,%&%[4554])
(spinning%&%[4996])
(spirit;%&%[1154])
(spirits%&%[213, 1649, 1729, 3291, 3825, 4251])
(spirits,%&%[3091])
(split%&%[3061])
(spoken%&%[4449])
(spoken,%&%[2332])
(sporting%&%[2637])
(springs%&%[4548])
(stage%&%[2452, 4127, 5796])
(stairs%&%[4384])
(stand%&%[1175, 1741, 2352, 4179, 4579, 5379])
(stand,%&%[8, 4632])
(standing.%&%[4207])
(star%&%[102, 5630])
(start%&%[1171, 2713, 3393])
(starves."%&%[4157])
(state,36%&%[2987])
(state,]%&%[1539, 4019])
(state.16%&%[173])
(stately%&%[579])
(states%&%[2653])
(stealers.]%&%[4151])
(sterling.%&%[928])
(still.—%&%[1093])
(stir%&%[1208, 5610])
(stir,%&%[4291])
(stithy.63%&%[3144])
(stock,%&%[2965, 4001])
(stones,%&%[3837])
(stop%&%[3117, 4169, 4990, 5267, 5271])
(stop,%&%[4169])
(stops;%&%[3457])
(stoups%&%[5658])
(straight:2%&%[5074])
(strange.%&%[623])
(strangely?%&%[5220])
(stranger%&%[1446, 1781])
(streets.%&%[181, 2663])
(strengthen%&%[4998])
(strewments,%&%[5315])
(strictly%&%[1659])
(stripes%&%[3966])
(strollers.%&%[2643])
(struck.%&%[972])
(suffered%&%[4243])
(sugar%&%[2831])
(suit;%&%[292])
(suits%&%[368])
(sulphurous%&%[1136])
(summons.20%&%[230])
(sun.%&%[1589])
(sun:%&%[2164])
(superscription%&%[2587])
(suppliance%&%[766, 1665])
(supplicate,%&%[4966])
(surely,%&%[3423])
(survivor%&%[376])
(swaddling-clouts.%&%[2269])
(swear%&%[1977])
(swear,%&%[1474])
(sweet:%&%[5343])
(sworn't.%&%[1326])
(syllable.%&%[1603, 1677, 4966])
(synonymous%&%[1533])
(tabard,%&%[5018])
(table%&%[1316, 2054, 2599, 2599, 5249])
(table,%&%[5725, 5864])
(tale%&%[1167, 2075, 2321])
(talk.%&%[2665])
(tanner%&%[5230])
(tardy%&%[3065, 3798, 4045])
(target;%&%[2245])
(tarnished.%&%[2629])
(tear%&%[3061, 5420])
(tear,—%&%[4679])
(tears;—she%&%[462])
(tediousness%&%[1965])
(tell;%&%[415])
(tells%&%[2663])
(temperately%&%[3877])
(tempest,%&%[3061])
(terror.%&%[1729])
(test,%&%[3881])
(thank%&%[2214, 2923, 4540, 5502, 5512])
(thanks;%&%[2214])
(that.76%&%[857])
(thee!78%&%[871])
(thee.%&%[843, 1095, 1119, 5104, 5841])
(thee:%&%[1015, 5096])
(their%&%[569, 581, 832, 1023, 1171, 1440, 1478, 1551, 1551, 1729, 1771, 1777, 1846, 1848, 2178, 2178, 2222, 2249, 2397, 2399, 2519, 2585, 2599, 2671, 2677, 2789, 2910, 2940, 3046, 3246, 3756, 3986, 3989, 4039, 4103, 4103, 4123, 4223, 4223, 4243, 4243, 4349, 4349, 5008, 5092, 5291, 5412, 5546, 5578, 5666])
(them.%&%[1771, 2929, 2977, 4283, 4413, 5002, 5034])
(them.—%&%[4771])
(them:%&%[579])
(theme?%&%[5408])
(themselves%&%[3071, 4251])
(themselves,%&%[5092])
(then;%&%[793, 1363])
(then?%&%[5192])
(there.%&%[674, 4386, 4905, 5210])
(there:%&%[4302])
(there;119%&%[3688])
(there;]%&%[4199])
(thief,%&%[4239])
(thine:%&%[5184])
(thing%&%[72, 197, 227, 1074, 1555, 1637, 2189, 2237, 2543, 3065, 3457, 3995, 4005, 4883, 5508])
(thing,%&%[595, 4111, 5578])
(think%&%[37, 147, 273, 391, 456, 517, 546, 627, 924, 970, 1363, 1458, 1689, 1944, 2040, 2086, 3030, 3087, 3267, 3271, 3457, 4005, 4540, 4891, 5155, 5180, 5238, 5253, 5572, 5572])
(think,%&%[2044, 2052, 2243, 2753])
(thirty%&%[3224, 5226])
(this%&%[22, 40, 72, 80, 84, 86, 122, 145, 149, 164, 279, 288, 421, 432, 631, 714, 797, 871, 948, 980, 1030, 1107, 1179, 1193, 1287, 1314, 1404, 1436, 1444, 1464, 1521, 1529, 1531, 1533, 1621, 1635, 1687, 1767, 1777, 1777, 1944, 1987, 1989, 1991, 2009, 2025, 2046, 2058, 2079, 2099, 2156, 2182, 2237, 2237, 2237, 2237, 2237, 2253, 2321, 2391, 2397, 2429, 2492, 2557, 2565, 2593, 2659, 2727, 2821, 2869, 2910, 2921, 2961, 2977, 3065, 3065, 3160, 3204, 3216, 3248, 3304, 3391, 3401, 3411, 3441, 3457, 3493, 3501, 3520, 3523, 3703, 3708, 3730, 3732, 3740, 3841, 3917, 3986, 3989, 4041, 4077, 4217, 4261, 4295, 4310, 4343, 4384, 4392, 4474, 4548, 4579, 4632, 4740, 4764, 4780, 4827, 4887, 4944, 4954, 4970, 4988, 5062, 5064, 5064, 5084, 5086, 5090, 5092, 5116, 5132, 5149, 5170, 5170, 5249, 5279, 5368, 5404, 5502, 5520, 5528, 5564, 5570, 5591, 5610, 5621, 5637, 5711, 5723, 5843, 5845, 5847, 5882])
(this,%&%[442, 2099, 2480, 2488, 3703, 4727, 4838, 5170])
(this,—%&%[2827])
(this,——%&%[4835])
(this:75%&%[2543])
(thither%&%[4384, 5267])
(thorny%&%[803])
(thou%&%[158, 193, 203, 209, 828, 830, 832, 1007, 1126, 1150, 1150, 1183, 1204, 1208, 1216, 1281, 1287, 1312, 1677, 2014, 2016, 2317, 2370, 2669, 2969, 2977, 2977, 2977, 2977, 3081, 3099, 3105, 3131, 3248, 3271, 3587, 3617, 3617, 3637, 3675, 3744, 3901, 4411, 4427, 4437, 4590, 4683, 5092, 5096, 5104, 5180, 5184, 5188, 5200, 5253, 5336, 5347, 5414, 5422, 5428, 5572, 5804, 5824, 5878])
(thou,%&%[122, 1032, 2206])
(thought74%&%[828])
(thought;%&%[2906])
(thoughtless%&%[1663])
(thoughts%&%[305, 828, 1040, 1197, 1535, 2969, 3273, 4005, 4693])
(thoughts,%&%[5601])
(thousand%&%[2859, 3363, 5102, 5249, 5410])
(thou——%&%[3252])
(three%&%[5080, 5554])
(three-and-twenty%&%[5234])
(throughly%&%[4638])
(throw%&%[389, 3903, 5428])
(thumb,%&%[3453])
(thunder.%&%[417])
(thus%&%[573, 986, 1034, 1825, 1833, 1888, 2062, 2178, 2795, 2904, 3028, 3409, 5441, 5876])
(thus,%&%[1900, 1993])
(thyself;%&%[4396])
(thyself?%&%[5420])
(tide,%&%[4982])
(time,]%&%[3966])
(time;%&%[1961])
(times%&%[1462, 3224, 3415, 5356])
(tinct—are%&%[4223])
(to't.%&%[2164])
(to-morrow.%&%[2407])
(to-night%&%[250, 3125])
(to-night,%&%[718])
(to]%&%[3941])
(together%&%[567, 2112, 2178])
(together,%&%[4855])
(tone%&%[2695])
(tongue.%&%[3591, 3593])
(tongue:%&%[3061])
(too.%&%[1404])
(towards.%&%[3941])
(toy%&%[760])
(tragedy,%&%[2289, 3208, 4123])
(trail%&%[1946, 2577, 2577])
(translate%&%[2961])
(tread%&%[4909])
(trial,%&%[5554])
(trick:]%&%[5054])
(tried,%&%[832])
(trimmed%&%[4091])
(trophies,%&%[4928])
(truant.%&%[507])
(true%&%[151, 595, 926, 1969, 1979, 2739, 3845, 4227, 4466, 4602, 4984])
(true,%&%[2158])
(truly:%&%[362])
(trumpet;%&%[5308])
(trumpets%&%[2255])
(turmoil%&%[3957])
(turn'd%&%[5269, 5814])
(turn'd,%&%[1841])
(turns%&%[4699])
(twain!%&%[3300])
(twelve;%&%[20])
(two:%&%[440])
(tyrant%&%[4041])
(unceremonious%&%[2619])
(uncertainty,%&%[3980])
(uncle!%&%[1222])
(uncle-father%&%[2259])
(unction%&%[3889, 4875])
(under.%&%[3964])
(understand%&%[905, 3441, 4283])
(uneffectual%&%[1765])
(unfledg'd%&%[838])
(unfold,%&%[1167])
(ungracious%&%[801])
(university%&%[1635])
(university,%&%[3162, 4081])
(unkennel%&%[3138])
(unknown%&%[1565])
(unknown,%&%[1900, 5876])
(unless%&%[5076])
(unmanly%&%[385])
(unmannerly.]%&%[4165])
(unnatural.%&%[1193, 1587])
(unpack%&%[2505])
(unpolluted%&%[5330])
(unpregnant%&%[2466])
(unseen.%&%[3897])
(unsuspicious,%&%[5032])
(up.]%&%[1657])
(up.—Remember%&%[1310])
(upon%&%[18, 252, 542, 603, 669, 1177, 1577, 1753, 2058, 2384, 2553, 2579, 2669, 2973, 3172, 3441, 3457, 3457, 3523, 3553, 3703, 3738, 3839, 3955, 4085, 4169, 4169, 4169, 4511, 4909, 4978, 4986, 5366, 5404, 5462, 5658, 5835])
(upon't!%&%[2511])
(upper%&%[4037])
(us%&%[92, 98, 250, 265, 292, 391, 1380, 1491, 1900, 1910, 1985, 2317, 2565, 2663, 2777, 2871, 2898, 2902, 3234, 3300, 3316, 3955, 3959, 3978, 3980, 4513, 5623])
(us,%&%[84, 254, 1408, 3208, 3955, 3978, 4302, 4733, 5200, 5430])
(us107%&%[3512])
(usage;%&%[3955])
(usages%&%[1621])
(used;%&%[2397])
(usual%&%[4998])
(usurper%&%[4239])
(utmost%&%[4171])
(utter%&%[1869, 2563])
(utter,%&%[4167])
(vapours.%&%[2237])
(venom'd%&%[4903])
(vents,%&%[4167])
(very%&%[160, 493, 623, 666, 895, 963, 1615, 1852, 1950, 2088, 2158, 2253, 2460, 2507, 2515, 2539, 2613, 2645, 2663, 2969, 3061, 3061, 3065, 3133, 3344, 3369, 3489, 3694, 3752, 3869, 3873, 4041, 4043, 4069, 4081, 4201, 4201, 4223, 4259, 4795, 5126, 5206, 5298, 5487, 5512, 5514, 5518, 5520, 5526, 5546, 5546, 5546, 5706])
(vial,%&%[1253])
(views%&%[4988])
(villain!%&%[2492, 2494])
(villainous,%&%[3071])
(villainy%&%[4239])
(virtues%&%[2808])
(virtues."%&%[2583])
(visible%&%[4251])
(visitation%&%[1912, 3806])
(voice%&%[3427, 4155])
(voice,%&%[2439, 2695, 3457])
(volume%&%[1322])
(vouchsafe%&%[1894, 3377, 5554])
(vow%&%[1237])
(vows,]%&%[4025])
(wager%&%[4857, 4893, 5520, 5621])
(wager,%&%[5570])
(waits%&%[3738])
(walk'd%&%[579])
(walks%&%[2112])
(wall%&%[5275])
(wan.%&%[2693])
(wann'd;64%&%[2435])
(wantonness%&%[2981, 4013])
(warms%&%[4795])
(warranty:%&%[5302])
(was?%&%[5238])
(waste%&%[571, 1649, 1961])
(watch'd.%&%[603])
(watch-word.%&%[1509, 1513])
(waves%&%[1056, 1078, 1093])
(waving%&%[1833])
(wax%&%[2945])
(wax,%&%[3746])
(way:]%&%[3943])
(way;39%&%[2243])
(ways.%&%[954, 2249])
(we%&%[96, 248, 250, 273, 284, 603, 627, 1025, 1036, 1042, 1386, 1428, 1468, 1468, 1470, 1525, 1525, 1587, 1587, 1647, 1865, 1880, 1882, 1926, 1987, 2083, 2110, 2216, 2235, 2243, 2317, 2350, 2733, 2737, 2747, 2779, 2831, 2857, 2869, 2898, 2900, 2965, 2981, 3069, 3140, 3148, 3269, 3269, 3316, 3523, 4001, 4105, 4105, 4151, 4283, 4302, 4310, 4337, 4345, 4509, 4509, 4586, 4719, 4735, 5200, 5263, 5267, 5287, 5302, 5478, 5552, 5580, 5650])
(we,%&%[282])
(weapon.%&%[5538])
(weary%&%[2889])
(weary,%&%[429])
(wed%&%[3261])
(wedding.%&%[517])
(weeds%&%[4924])
(weep,]%&%[4143])
(weep?%&%[5420])
(welcome%&%[2259, 2411, 5500])
(welcome,%&%[70, 2245, 2317, 2317])
(well%&%[877, 893, 1296, 2321, 2332, 2397, 2397, 2663, 2936, 2977, 2981, 3113, 3369, 3441, 3923, 4687, 4988, 4994, 4996, 4996, 5104, 5104, 5436])
(well,%&%[2191, 3065, 3365, 3549, 4645, 4681, 4990, 5104, 5536, 5644])
(western%&%[2673])
(whale?%&%[3473])
(wharf,105%&%[1206])
(whatsoever%&%[718])
(when%&%[225, 691, 1150, 1771, 1781, 2241, 2249, 2263, 2317, 2607, 2653, 2945, 3131, 3273, 3427, 3915, 4055, 4253, 4269, 4287, 4513, 4695, 4776, 4936, 5004, 5116, 5124])
(whereof,44%&%[411])
(whereon%&%[4901, 5018])
(whereto%&%[5267])
(while;%&%[5234])
(whirlwind%&%[3061])
(who%&%[1509, 1703, 2401, 2611, 2615, 2623, 2875, 3261, 4039, 4123, 4127, 4231, 4766, 4996, 5259, 5496, 5828])
(who,%&%[2376, 3061])
(widow,%&%[3281])
(wife;%&%[3605, 4417, 5347])
(wigs%&%[4035])
(wild%&%[1396])
(will!]%&%[1583])
(will%&%[78, 141, 254, 315, 387, 701, 723, 740, 1015, 1063, 1063, 1231, 1356, 1394, 1428, 1539, 1577, 1647, 1850, 1908, 1967, 1983, 2011, 2103, 2130, 2187, 2187, 2189, 2237, 2273, 2313, 2397, 2399, 2521, 2553, 2565, 2665, 2731, 2821, 2961, 2981, 3071, 3119, 3146, 3148, 3401, 3453, 3477, 3477, 3479, 3505, 3516, 3523, 3531, 3565, 3756, 3883, 3893, 3923, 3923, 4135, 4137, 4167, 4167, 4189, 4223, 4223, 4273, 4310, 4388, 4439, 4445, 4540, 4703, 4705, 4711, 4809, 4871, 4938, 4990, 4990, 5060, 5062, 5084, 5116, 5170, 5170, 5200, 5228, 5230, 5234, 5404, 5406, 5426, 5441, 5447, 5458, 5458, 5510, 5560, 5560, 5570, 5578, 5616, 5621])
(will,%&%[2896, 3457, 4586, 4643, 4990])
(willow%&%[4915])
(wilt%&%[1126, 2977, 3271, 3617, 3617, 5414])
(win.%&%[5735])
(wince,84%&%[3316])
(wine70%&%[5658])
(wisdoms,%&%[286])
(wit%&%[5104])
(wit's%&%[3407])
(wit,%&%[1227, 1963, 2178])
(with%&%[116, 124, 234, 271, 273, 275, 282, 290, 337, 350, 360, 401, 462, 483, 577, 585, 591, 683, 778, 822, 834, 836, 932, 952, 1009, 1046, 1054, 1058, 1195, 1227, 1237, 1259, 1324, 1527, 1571, 1571, 1575, 1601, 1625, 1629, 1645, 1717, 1737, 1741, 1753, 1767, 1775, 1803, 1807, 1825, 1841, 1850, 1910, 1975, 2058, 2178, 2214, 2222, 2237, 2237, 2267, 2321, 2323, 2332, 2346, 2374, 2391, 2409, 2452, 2454, 2505, 2539, 2553, 2567, 2583, 2603, 2613, 2617, 2629, 2667, 2671, 2681, 2695, 2695, 2701, 2701, 2735, 2829, 2906, 2938, 2959, 2969, 3018, 3042, 3061, 3065, 3069, 3111, 3133, 3160, 3293, 3377, 3389, 3413, 3415, 3433, 3453, 3453, 3463, 3512, 3518, 3574, 3591, 3593, 3648, 3790, 3817, 3819, 3823, 3841, 3905, 3972, 3991, 4017, 4027, 4027, 4039, 4055, 4055, 4077, 4091, 4149, 4175, 4175, 4195, 4205, 4231, 4239, 4251, 4265, 4302, 4312, 4318, 4421, 4445, 4457, 4499, 4647, 4665, 4695, 4729, 4735, 4829, 4833, 4861, 4863, 4972, 4972, 4982, 5004, 5006, 5016, 5038, 5070, 5116, 5139, 5155, 5170, 5222, 5234, 5267, 5281, 5283, 5289, 5341, 5387, 5404, 5412, 5424, 5426, 5510, 5536, 5546, 5546, 5560, 5587, 5676, 5760, 5785, 5833])
(with,%&%[3567])
(withdraw%&%[1667, 3433])
(withdraw,%&%[2840])
(withered%&%[4695])
(within.]%&%[5719])
(without.%&%[4579])
(woe;%&%[269, 391])
(woman%&%[2237, 2583, 4938, 5060])
(woman's%&%[3220])
(woman,%&%[5192, 5198])
(women,%&%[5008])
(wonder.10%&%[116])
(wonder.]%&%[1527])
(wonderful%&%[3411])
(wont%&%[976, 2247, 5249])
(word%&%[595, 1167, 1587, 1603, 1617, 1677, 1735, 2557, 2587, 2637, 2659, 2669, 3065, 3363, 3377, 4039, 4986])
(word,%&%[3065, 4095])
(words,119%&%[1396])
(words,]%&%[1775])
(work,14%&%[168])
(work,]%&%[1535, 2605])
(work;%&%[2360])
(world!]%&%[1621])
(world%&%[393, 1777, 2156, 3248, 3361, 3722, 4990, 5092, 5273, 5806, 5882])
(world's%&%[2208])
(world's:20%&%[4643])
(world,%&%[2289, 2613])
(worms.%&%[4958])
(wormwood.%&%[3263])
(worn.%&%[5674])
(worser%&%[3903])
(wou'lt%&%[5420, 5420, 5420])
(would;%&%[1468])
(wouldst%&%[2969, 5572])
(wounded%&%[4143, 5873])
(wounded,%&%[5828])
(wounds.%&%[2711])
(wretch.]%&%[1753])
(wretched,%&%[2994, 3657])
(writ%&%[627, 2289, 2659])
(writing.%&%[2659])
(wrong;%&%[5595])
(yard%&%[2671])
(you!%&%[822, 1476, 4641])
(you.]%&%[1629, 1667, 2627, 4974])
(you54%&%[497])
(you]%&%[1633, 4271])
(yours:%&%[5182])
