("A%&%[4157])
("I%&%[4189])
("If%&%[1551])
("The%&%[1587, 2683, 4019, 4189])
("Then%&%[4225])
("While%&%[2593, 4157, 4157])
("a%&%[2553, 2593, 2613, 4079])
("in%&%[5030])
("invulnerable%&%[3978])
(&c.,%&%[1531, 5291, 5587])
('Faith,%&%[3244, 5222, 5230])
('Fore%&%[2332])
('Tis%&%[20, 141, 219, 354, 370, 623, 881, 895, 1210, 2397, 2758, 2829, 3218, 3283, 3453, 3489, 3545, 4786, 5026, 5136, 5186])
('Twill%&%[5214])
('ield%&%[4507, 4974])
('scape%&%[2401])
('tis%&%[22, 76, 341, 385, 405, 434, 625, 901, 1693, 1979, 1979, 1979, 1981, 2086, 2092, 2836, 2849, 2861, 3192, 3467, 4283, 4351, 4437, 5078, 5184, 5210, 5506, 5510, 5512, 5514])
('twill%&%[90, 703, 5186])
('twixt%&%[725])
((Aside.)%&%[2168, 2182])
((Behind.)%&%[3621, 3632])
((Coming%&%[4683])
((Interposing.)%&%[4594])
((L.)%&%[76, 325, 499, 607, 1128, 1345, 2172, 2187, 2208, 2336, 2985, 3069, 3156, 3232, 3451, 3798, 4538, 4604, 4786, 4891, 5074, 5508, 5857])
((L.H.U.E.)%&%[961, 1124, 1341, 5070, 5120])
((On%&%[5134])
((R.),%&%[5587, 5587])
((R.H.)%&%[747, 1003, 1793, 1876, 2723, 3059, 3077, 3154, 3431, 3461, 3510, 3535, 4279, 4372, 5485])
((being%&%[2565])
((lawful%&%[2785])
((of%&%[1599])
((or%&%[1944])
((to%&%[2613])
((understanding)%&%[2613])
((which,%&%[1551])
((wrung%&%[311])
(10%&%[170])
(10th%&%[2615])
(14%&%[380])
(1581,%&%[2657])
(16Ham.%&%[493])
(21%&%[842])
(23Ham.%&%[967])
(25%&%[1106])
(29%&%[1367])
(3.%&%[2687])
(32%&%[1789])
(36%&%[2018])
(38Ham.%&%[2144])
(39wrinkled;%&%[2178])
(47%&%[2441])
(56Enter%&%[3059])
(65Ros.%&%[3409])
(67Ham.%&%[3465])
(69%&%[3571])
(70Queen.%&%[3644])
(74Ham.%&%[3875])
(76%&%[4330])
(78Re-enter%&%[4457])
(87%&%[5066])
(88you%&%[5084])
(92will%&%[5230])
(94%&%[5312])
(96Ham.%&%[5449])
(About,%&%[2511, 2709])
(Adam's%&%[5092])
(Address]%&%[1653])
(Ah%&%[3701])
(Alas,%&%[1141, 3794, 3819, 4474, 5249])
(And%&%[24, 43, 78, 227, 290, 307, 321, 335, 454, 485, 591, 618, 620, 627, 669, 712, 718, 783, 809, 822, 826, 855, 863, 867, 883, 903, 938, 997, 1072, 1086, 1088, 1107, 1158, 1175, 1204, 1255, 1294, 1300, 1308, 1320, 1384, 1404, 1410, 1446, 1486, 1495, 1517, 1555, 1583, 1807, 1833, 1839, 1906, 1928, 1938, 1965, 1981, 2029, 2062, 2075, 2083, 2123, 2237, 2362, 2442, 2454, 2468, 2507, 2595, 2725, 2749, 2760, 2770, 2791, 2800, 2831, 2898, 2904, 2908, 2912, 2994, 3044, 3071, 3097, 3103, 3142, 3166, 3248, 3300, 3419, 3495, 3518, 3555, 3569, 3667, 3688, 3732, 3738, 3738, 3748, 3754, 3778, 3823, 3879, 3883, 3905, 3915, 3987, 4199, 4237, 4269, 4322, 4337, 4339, 4351, 4472, 4520, 4530, 4655, 4679, 4703, 4705, 4719, 4723, 4735, 4755, 4789, 4819, 4823, 4853, 4857, 4899, 5092, 5143, 5257, 5267, 5281, 5351, 5441, 5605, 5616, 5621, 5670, 5680, 5688, 5754, 5882])
(Another%&%[5729])
(Apollo.%&%[1625])
(Apparel,%&%[4091])
(Arm'd,%&%[638, 641])
(Arms%&%[1785])
(At%&%[1577, 1727, 1777, 1831, 2119, 2971, 4376, 4378, 4484, 4486])
(Away!%&%[4423])
(Be%&%[407, 793, 830, 1007, 1011, 1101, 2629, 2916, 2977, 3065, 4027, 4733, 5426])
(Bears%&%[5376])
(Beaten%&%[2619])
(Become%&%[2643])
(Before%&%[149, 2050, 2527])
(Begin,%&%[3324])
(Being%&%[1074])
(Ber.%&%[6, 10, 15, 20, 26, 31, 63, 70, 74, 92, 100, 114, 118, 134, 143, 225, 687, 4761, 4768])
(Bernardo%&%[54, 98, 4759])
(Bernardo,%&%[4, 472, 495, 569, 734])
(Black%&%[2328])
(Blench,]%&%[2713])
(Bloated%&%[1671])
(Break%&%[248])
(But,%&%[185, 244, 374, 616, 799, 1245, 1287, 1816, 2132, 2350, 2735, 3038, 3194, 3236, 3407, 3810, 4384, 4413])
(By%&%[128, 313, 454, 581, 1117, 1777, 2671, 3467, 3481, 4091, 4151, 4153, 4191, 4433, 4470, 4966])
(C.%&%[3867, 5341])
(CHURCH%&%[5069])
(Cain's%&%[5149])
(Cannot%&%[5206])
(Caps,%&%[4571])
(Carve%&%[772])
(Cast%&%[1593])
(Catch%&%[1585])
(Chanson52%&%[2313])
(Chary%&%[1669])
(Choose%&%[4569])
(Christ-church,%&%[4083])
(Chronicle%&%[3972])
(Church%&%[4151])
(Closely%&%[5034])
(Clown,%&%[5118])
(Clowns,1%&%[5070])
(Coil%&%[3957])
(Collected%&%[4881, 5042])
(Com'st%&%[2317, 2669])
(Confess%&%[3897])
(Contumely,]%&%[3968])
(Court%&%[2673])
(Cousin%&%[5639])
(Cover%&%[4265])
(Cæsar,28%&%[5269])
(Dane.5%&%[43])
(Dane.]%&%[1517])
(Danes%&%[1615, 4577])
(Defeat%&%[2703])
(Denmark?97%&%[3427])
(Denmark?—What,%&%[2317])
(Did%&%[128, 181, 523, 605, 2741, 4829, 5155])
(Dido;%&%[2321])
(Do%&%[337, 756, 801, 920, 1065, 1601, 2086, 2146, 2249, 2397, 3138, 3465, 3798, 3806, 3839, 3850, 4435, 4727])
(Doctor%&%[2553])
(Doth%&%[234, 1711, 2358, 3328, 4133, 4986])
(Drayton's%&%[4143])
(Duke's%&%[3316])
(E'en%&%[5247, 5255, 5261])
(E.,%&%[2842])
(END%&%[1505, 2549, 3935, 4948])
(END.%&%[5898])
(Edward%&%[2583])
(Elsinore—can%&%[2411])
(Encroach%&%[4141])
(England,%&%[3018, 4427])
(Envenom'd%&%[5822])
(Even]%&%[2625])
(Exchange%&%[5833])
(Excluded—acted%&%[1573])
(Express]%&%[2631])
(Fall%&%[5356])
(Falstaff%&%[4189])
(Fancies%&%[4978])
(Farewell;%&%[871])
(Fell%&%[2077, 4930])
(For,%&%[5393])
(Forward,%&%[764])
(France%&%[855])
(Full%&%[3224])
(Gay%&%[1663])
(Gertrude;%&%[4608])
(Ghost%&%[112, 183, 189, 189, 1001, 1121, 1124, 3978])
(Ghost.%&%[1128, 1133, 1143, 1150, 1154, 1187, 1191, 1201, 1224, 1281, 1442, 1480, 3806])
(Gone%&%[4709])
(Gonzago's%&%[3344])
(Gonzago:%&%[3344])
(Govern%&%[4167])
(Government%&%[2611])
(Government.%&%[2611])
(Gracious,%&%[2819])
(Grapple%&%[834])
(Greeks%&%[3955])
(Green%&%[1699])
(Guild.%&%[2733])
(Guildenstern?%&%[2206])
(Ha,%&%[2949])
(Had%&%[104, 2450, 5847])
(Hamlet's%&%[1440, 1478, 1707, 1886, 1950, 2565, 2613, 2627, 2808, 4017, 4051, 4786, 5026, 5134, 5347, 5668])
(Hamlet,%&%[261, 323, 333, 370, 758, 961, 1121, 1208, 1233, 1587, 1803, 2140, 2983, 3174, 3587, 3750, 4372, 4374, 4392, 5402, 5591, 5639, 5711, 5779, 5804])
(Hamlet,—%&%[5792])
(Hamlet.—Come,%&%[5686])
(Harrow%&%[1739])
(Haste%&%[1195])
(He,%&%[5032])
(Heaven,%&%[1292, 2332, 5149])
(Hebenon%&%[1757])
(Hecat's%&%[3336])
(Hecuba?%&%[2444])
(Help,%&%[3619])
(Hence%&%[2611, 4041])
(Herod:]%&%[4041])
(Hold%&%[633, 760, 1099, 5397])
(Honest,%&%[2154])
(Hor.%&%[40, 68, 72, 90, 98, 116, 122, 137, 149, 158, 168, 227, 474, 481, 499, 513, 519, 531, 538, 546, 550, 555, 567, 607, 625, 653, 658, 666, 671, 676, 683, 691, 696, 705, 729, 965, 969, 974, 990, 1003, 1046, 1060, 1065, 1080, 1101, 1328, 1332, 1345, 1350, 1358, 1368, 1378, 1396, 1400, 1416, 1424, 1433, 1444, 3079, 3085, 3365, 3369, 4447, 4661, 5134, 5151, 5251, 5255, 5261, 5495, 5504, 5570, 5574, 5578, 5779, 5857])
(Horatio!%&%[143, 521, 527, 3075, 5263])
(Horatio?—%&%[485])
(Husbandry]%&%[1685])
(Hyrcanian%&%[2323])
(I,%&%[1195, 1267, 1358, 1361, 1458, 2150, 2462, 2501, 2994, 3164, 4520, 5381])
(I.103%&%[1743])
(I.107%&%[1751])
(I.110%&%[1757])
(I.114%&%[1765])
(I.118%&%[1773])
(I.121%&%[1779])
(I.125%&%[1787])
(I.13%&%[1533])
(I.17%&%[1541])
(I.20%&%[1553])
(I.24%&%[1567])
(I.28%&%[1575])
(I.31%&%[1587])
(I.35%&%[1595])
(I.39%&%[1603])
(I.4%&%[1515])
(I.42%&%[1609])
(I.46%&%[1617])
(I.53%&%[1631])
(I.57%&%[1639])
(I.60%&%[1651])
(I.64%&%[1659])
(I.68%&%[1667])
(I.71%&%[1673])
(I.75%&%[1681])
(I.79%&%[1689])
(I.8%&%[1523])
(I.82%&%[1695])
(I.86%&%[1709])
(I.93%&%[1723])
(I.97%&%[1731])
(II.1%&%[2553])
(II.12%&%[2583])
(II.16%&%[2591])
(II.23%&%[2605])
(II.27%&%[2613])
(II.30%&%[2619])
(II.34%&%[2627])
(II.38%&%[2635])
(II.41%&%[2641])
(II.45%&%[2649])
(II.49%&%[2657])
(II.5%&%[2569])
(II.52%&%[2663])
(II.56%&%[2671])
(II.63%&%[2691])
(II.67%&%[2699])
(II.70%&%[2705])
(II.74%&%[2713])
(II.9%&%[2577])
(II.—A%&%[258, 1875, 3509])
(III.101%&%[4163])
(III.105%&%[4171])
(III.109%&%[4179])
(III.11%&%[3959])
(III.112%&%[4185])
(III.116%&%[4193])
(III.123%&%[4207])
(III.127%&%[4221])
(III.130%&%[4231])
(III.134%&%[4245])
(III.138%&%[4253])
(III.141%&%[4265])
(III.15%&%[3970])
(III.19%&%[3978])
(III.22%&%[3984])
(III.26%&%[3999])
(III.33%&%[4013])
(III.37%&%[4021])
(III.4%&%[3945])
(III.40%&%[4027])
(III.44%&%[4035])
(III.48%&%[4043])
(III.51%&%[4049])
(III.55%&%[4057])
(III.59%&%[4065])
(III.62%&%[4071])
(III.66%&%[4079])
(III.73%&%[4093])
(III.77%&%[4101])
(III.8%&%[3953])
(III.80%&%[4107])
(III.84%&%[4119])
(III.88%&%[4129])
(III.91%&%[4143])
(III.95%&%[4151])
(III.99%&%[4159])
(IV.13%&%[4976])
(IV.17%&%[4984])
(IV.20%&%[4990])
(IV.24%&%[4998])
(IV.28%&%[5006])
(IV.31%&%[5012])
(IV.35%&%[5020])
(IV.39%&%[5028])
(IV.4%&%[4958])
(IV.42%&%[5034])
(IV.46%&%[5042])
(IV.53%&%[5056])
(IV.8%&%[4966])
(If,%&%[3281])
(Irregular,%&%[1679])
(It%&%[118, 130, 225, 387, 468, 612, 676, 696, 965, 1046, 1056, 1063, 1078, 1093, 1406, 1527, 1649, 2088, 2253, 2313, 2374, 2567, 2637, 2645, 2677, 3032, 3053, 3140, 3170, 3471, 3879, 3893, 4041, 4095, 4243, 4251, 4302, 4657, 4685, 4687, 4795, 4889, 4934, 4998, 5080, 5151, 5206, 5516, 5576, 5748, 5804])
(Italians.%&%[2671])
(Jephthah?%&%[2305])
(John%&%[2466, 2699])
(Johnson%&%[1587, 1615, 2553, 4005, 4067, 4079, 4231])
(Justly%&%[4167])
(King%&%[261, 419, 2138, 2583, 2673, 2673, 2723, 2842, 3008, 3154, 3154, 3222, 4125, 4279, 4488, 4695, 5587])
(King.%&%[263, 309, 319, 370, 405, 1878, 1932, 1952, 2035, 2042, 2085, 2096, 2109, 2129, 2725, 2764, 2835, 3010, 3052, 3156, 3160, 3224, 3244, 3267, 3283, 3289, 3310, 3314, 3346, 3512, 3557, 4281, 4299, 4308, 4363, 4368, 4374, 4378, 4382, 4386, 4392, 4405, 4411, 4415, 4421, 4505, 4511, 4524, 4538, 4544, 4560, 4604, 4622, 4628, 4640, 4649, 4663, 4752, 4766, 4770, 4786, 4801, 4811, 4840, 4849, 4891, 5399, 5462, 5591, 5639, 5648, 5658, 5711, 5735, 5743, 5748, 5770, 5789])
(Knight's%&%[1551])
(Know%&%[4784])
(L.)%&%[5779])
(L.)—Flourish%&%[5587])
(L.]%&%[22, 189, 544, 712, 875, 1493, 2168, 2180, 3162, 3861, 5660, 5725, 5864, 5892])
(Laertes!%&%[818])
(Laertes)%&%[5593])
(Laertes.)%&%[881])
(Laertes.]%&%[5472, 5768])
(Laertes23,%&%[261])
(Laps'd%&%[4243])
(Lasciviousness.%&%[1763])
(Leave%&%[3485, 3663, 4773])
(Lent.%&%[2635])
(Let%&%[250, 399, 456, 716, 753, 1019, 1283, 1491, 2125, 2164, 2973, 3040, 3316, 3503, 4119, 4143, 4453, 4532, 4608, 4616, 4628, 4636, 4663, 4740, 4936, 5022, 5456, 5599, 5666])
(Let's%&%[4891])
(Lights,%&%[3348])
(Like%&%[462, 1177, 2466, 2673, 2699, 3000, 4211, 5381])
(Lofty]%&%[1561])
(Longer,%&%[689])
(Look%&%[828, 954, 1394, 1677, 3453, 3703, 5777])
(Love!%&%[3010])
(Mahomet,%&%[4039])
(Mahometans%&%[4039])
(March%&%[419, 5894])
(Mars's%&%[2364])
(Mars,%&%[3712])
(Mercury123%&%[3714])
(Methinks%&%[3469])
(Methought,%&%[5126])
(Miching%&%[3198, 4095])
(Might%&%[1627, 5271])
(Might,%&%[1919])
(Mine%&%[5835])
(Moreover%&%[1880])
(Most%&%[116, 671, 873, 2583, 4638, 4859])
(Mother,%&%[3589, 3885])
(Must,%&%[2505])
(Naked%&%[5024])
(Niobe,%&%[462])
(No,%&%[358, 972, 1061, 1856, 2060, 2251, 2932, 3095, 3162, 3178, 3312, 3389, 3603, 3857, 4079, 4581, 4707, 5267, 5504, 5514, 5637, 5792])
(Not%&%[29, 331, 691, 1358, 2097, 2150, 4051, 4380, 5018, 5036, 5249, 5580])
(Nothing%&%[3852, 4251])
(O%&%[427, 427, 434, 1185, 1444, 2023, 2023, 2591, 3194, 3411, 3637, 3742, 3827, 4300, 4667, 4671, 4727, 5408, 5798, 5873])
(O'er-raught%&%[3943])
(OF%&%[1, 258, 1123, 1505, 2549, 3935, 4948])
(Occasion%&%[4149])
(Of%&%[153, 385, 838, 840, 914, 1269, 1886, 2573, 2739, 2808, 3046, 3772, 3786, 3982, 4602, 4921, 5202, 5317, 5372, 5530, 5532])
(Oh,%&%[4661])
(Old%&%[2330, 2411])
(On%&%[2364, 3340, 3835, 5044])
(Oph.%&%[755, 768, 797, 881, 891, 912, 922, 932, 938, 956, 1797, 1801, 1813, 1821, 1856, 2814, 2918, 2925, 2936, 2951, 2955, 2959, 2963, 2967, 2971, 2975, 2979, 2985, 3188, 3192, 3196, 3200, 3218, 4459, 4463, 4476, 4492, 4507, 4513, 4526, 4540, 4675, 4687, 4691, 4695, 4701])
(Ophelia,]%&%[2583])
(Ophelia,—12%&%[2003])
(Ophelia;%&%[877])
(Or%&%[425, 1082, 1466, 1472, 2052, 2056, 2058, 2601, 2699, 2853, 3473, 3955, 4731, 4782, 4842, 4863, 5664])
(Ossa43%&%[5434])
(PART%&%[1123])
(PLATFORM.%&%[960, 1123])
(PRINCE%&%[1])
(Palmy%&%[1541])
(Pan,%&%[1625])
(Paragon]%&%[2633])
(Part%&%[5012, 5771])
(Patrick,120%&%[1402])
(Patrick,]%&%[1777])
(Peace;%&%[3663])
(Pelion,40%&%[5370])
(Perchance,%&%[703])
(Platform%&%[3])
(Player%&%[3059, 3202])
(Player,%&%[2423, 3073])
(Poignantly%&%[4992])
(Polonious?%&%[309])
(Polonius%&%[816, 1942, 2275, 2409, 2553, 2613, 2613, 3461, 3535, 3563, 4320])
(Polonius.%&%[2553, 2723, 3008])
(Polyolbion,%&%[4143])
(Pregnant%&%[4063])
(Priam%&%[2330, 2344])
(Priam's%&%[2321])
(Priest.%&%[5300, 5321])
(Prince's%&%[2613])
(Prithee,%&%[5249])
(Put%&%[1921])
(Pyrrhus,%&%[2323])
(Queen.]%&%[3665, 3909])
(Question]%&%[4059])
(R)%&%[4683])
(R.C.%&%[263])
(R.H.]%&%[139, 419, 734, 958, 1940, 2138, 2403, 2413, 2547, 2774, 2817, 2981, 3373, 3435, 3487, 3560, 3927, 4333, 4390, 4419, 4425, 4536, 4588, 5289, 5460, 5464, 5468])
(ROOM%&%[258, 746, 1792, 1875, 2720, 3509, 4278])
(Rankly%&%[1216])
(Rapier%&%[5542])
(Recorder.]%&%[4159])
(Remember%&%[1314])
(Removèd%&%[1725])
(Richer%&%[5672])
(Rome,%&%[175])
(Rosencrantz%&%[1878, 1932, 2200, 2411, 2413, 2774, 3375, 3487, 3510, 3533, 4316, 4333, 4355, 4425])
(Rosencrantz,%&%[1876, 1940, 2723, 3154, 3435])
(Royal%&%[1017])
(Run%&%[2382])
(Russia,%&%[2677])
(Saint.%&%[1777])
(Saxon.%&%[1735])
(Say%&%[2374, 4476, 5764])
(Sleep%&%[3298])
(Sober%&%[1569])
(Soft!%&%[3497])
(Sound,%&%[1543])
(Speak;%&%[1126, 1148])
(Sprung%&%[3036])
(Stands%&%[4175])
(Stay,%&%[191])
(Stifled,%&%[4071])
(Stoop%&%[1753])
(Striking%&%[2338])
(Such%&%[160, 1392, 3257, 3680, 4093, 4097])
(Sundays,%&%[5004])
(Tables%&%[5587])
(Take%&%[319, 847, 1581, 2099, 2401, 2942])
(Taken%&%[284])
(Termagant,%&%[4039])
(Termagant;]%&%[4039])
(Teutonic%&%[1587])
(Thanks,%&%[1932, 3558])
(That%&%[94, 199, 273, 362, 376, 436, 438, 446, 926, 1015, 1032, 1084, 1206, 1237, 1462, 1474, 1499, 1599, 1657, 1735, 1839, 1863, 1894, 1979, 1987, 2069, 2092, 2222, 2448, 2452, 2501, 2513, 2781, 2795, 2806, 2825, 2861, 2873, 2883, 2927, 2957, 2996, 3091, 3115, 3119, 3164, 3240, 3673, 3682, 3776, 3821, 3881, 3891, 3964, 4003, 4243, 4596, 4606, 4612, 4634, 4652, 4750, 4797, 4825, 4831, 4885, 4917, 5149, 5296, 5489, 5603, 5845])
(Theatre%&%[2611])
(Then,%&%[5822])
(These%&%[368, 1396, 2194, 4007, 5654])
(These,%&%[362, 2587])
(Things%&%[5876])
(Thrift,%&%[521])
(To%&%[223, 242, 267, 269, 301, 372, 381, 505, 629, 1030, 1050, 1145, 1165, 1181, 1243, 1296, 1380, 1460, 1521, 1523, 1611, 1617, 1715, 1735, 1737, 1761, 1898, 1908, 1930, 2003, 2212, 2220, 2243, 2488, 2535, 2575, 2579, 2637, 2651, 2669, 2743, 2751, 2762, 2766, 2812, 2846, 2863, 2865, 2889, 2977, 2981, 3004, 3042, 3048, 3093, 3117, 3514, 3541, 3722, 3746, 3847, 3947, 3953, 4017, 4087, 4095, 4171, 4181, 4306, 4522, 4632, 4632, 4737, 4776, 4811, 4980, 4980, 5128, 5263, 5326, 5370, 5424, 5564, 5612, 5855, 5884])
(Translate:]%&%[4952])
(Try%&%[3941])
(Tush!%&%[90])
(U.E.L.H.]%&%[3152])
(Unbated%&%[5812])
(Unequal%&%[2342])
(Unguarded.%&%[1755])
(Use%&%[2401, 2401])
(Usurp'st%&%[1529])
(VIII.,%&%[2583, 4091])
(Vailed%&%[1593])
(Vienna:%&%[3316])
(Virtue%&%[791])
(Visit%&%[448])
(Weldon's%&%[2673])
(What?%&%[1152])
(Where%&%[106, 2105, 2386, 3099, 3615, 3720, 4304, 4359, 4459, 4579, 4620, 4879, 4956, 5170, 5249])
(Where,%&%[532, 593])
(Whether%&%[238, 1900, 2849])
(Whilst%&%[2593])
(Whips%&%[4293])
(Whither%&%[1126])
(Wholly—entirely.%&%[1623])
(Why?%&%[5212])
(Wisest%&%[1569])
(Wittenberg,%&%[485])
(Wittenberg?]%&%[1635])
(Woman!—%&%[456])
(Woodcocks.]%&%[1705])
(Yaughan,%&%[5116])
(Yea,%&%[1316])
(Yorick's%&%[5242])
(You%&%[18, 143, 292, 395, 905, 1097, 1356, 1388, 2112, 2189, 2196, 2218, 2259, 2317, 2317, 2417, 2611, 2965, 3188, 3322, 3344, 3399, 3457, 3605, 3613, 3734, 3792, 4011, 4013, 4081, 4123, 4153, 4155, 4283, 4687, 4776, 4994, 5006, 5182, 5570, 5635, 5641, 5758, 5843])
(Your%&%[286, 297, 732, 1575, 1912, 2259, 2827, 3050, 3391, 3409, 4049, 4833, 4911, 5500, 5510, 5630, 5646])
(Youth%&%[795])
([Aside%&%[3182, 3265])
([Cross%&%[3533])
([Dashes%&%[5871])
([Drops%&%[5713])
([Falls%&%[3635])
([Flourish%&%[2255])
([Horatio%&%[189, 1440, 1478, 3152])
([Ophelia%&%[2802])
([Pages%&%[5660])
([Pointing%&%[2101, 3176, 3919])
([Reads.]%&%[2013, 4776])
([Reads]%&%[2003])
([Takes%&%[5245])
([They%&%[4588, 5695, 5731, 5766])
(abhorred%&%[5249])
(abridgment%&%[2313, 2665])
(absolute%&%[5200, 5526])
(absurd%&%[3095])
(accented%&%[1603, 4966])
(accident,%&%[2781])
(account%&%[1275, 3978])
(account:%&%[3970])
(ache%&%[5155])
(act!%&%[3698])
(action.]%&%[3987])
(action;%&%[3065])
(actions%&%[364])
(actor.%&%[3164])
(adapted%&%[4996])
(address61%&%[612])
(adulterate%&%[1224])
(advice;24%&%[2073])
(affair%&%[288, 509])
(affair.%&%[3393])
(affection%&%[914, 1667, 4165])
(affrighted!%&%[1797])
(afterwards.%&%[2567])
(again!%&%[110, 185, 1030])
(again;—I'll%&%[1078])
(against%&%[94, 1529, 1783, 2350, 2853, 3673, 3677, 3955, 4153, 4197, 5432, 5546, 5754])
(age%&%[3065, 3734, 4043])
(agitations%&%[4127])
(ago,%&%[3194])
(ah%&%[2376])
(aids%&%[4007])
(all,%&%[100, 288, 540, 712, 1384, 3107, 3350])
(all;]%&%[3980])
(allegiance%&%[1517])
(allowable,%&%[2659])
(alone%&%[354, 1320, 3040])
(aloof,%&%[2735])
(also%&%[2661, 4089, 4998])
(altogether.%&%[3071])
(amber%&%[2178])
(amble,%&%[2981, 4011])
(anciently%&%[1603, 2669, 4099, 4998, 5002, 5004, 5018])
(and%&%[8, 33, 45, 88, 106, 116, 124, 141, 143, 151, 164, 171, 175, 179, 181, 199, 215, 234, 240, 261, 261, 265, 267, 297, 305, 307, 323, 325, 368, 370, 376, 391, 397, 405, 409, 419, 419, 423, 429, 436, 448, 472, 481, 569, 571, 579, 581, 587, 595, 612, 725, 734, 747, 758, 760, 766, 774, 785, 803, 805, 832, 855, 857, 861, 877, 897, 899, 907, 961, 965, 978, 982, 986, 1005, 1027, 1036, 1121, 1121, 1124, 1136, 1163, 1173, 1181, 1187, 1193, 1239, 1263, 1285, 1296, 1322, 1341, 1386, 1388, 1390, 1396, 1412, 1440, 1444, 1448, 1476, 1478, 1488, 1509, 1527, 1527, 1529, 1531, 1533, 1535, 1537, 1537, 1551, 1561, 1563, 1575, 1575, 1577, 1577, 1577, 1585, 1587, 1587, 1587, 1587, 1589, 1589, 1601, 1605, 1621, 1629, 1631, 1637, 1649, 1649, 1649, 1663, 1665, 1665, 1671, 1671, 1671, 1671, 1703, 1723, 1729, 1729, 1733, 1737, 1739, 1743, 1747, 1773, 1773, 1773, 1777, 1783, 1821, 1833, 1835, 1858, 1876, 1878, 1898, 1932, 1940, 1954, 1959, 1961, 1965, 1985, 1993, 1999, 2001, 2003, 2031, 2042, 2056, 2066, 2101, 2127, 2138, 2178, 2178, 2178, 2187, 2187, 2187, 2200, 2218, 2218, 2222, 2222, 2237, 2237, 2237, 2237, 2237, 2243, 2245, 2245, 2249, 2253, 2259, 2289, 2297, 2313, 2317, 2321, 2332, 2346, 2354, 2382, 2395, 2397, 2401, 2401, 2411, 2413, 2421, 2427, 2439, 2450, 2456, 2458, 2460, 2464, 2470, 2476, 2486, 2503, 2533, 2537, 2553, 2553, 2553, 2565, 2565, 2567, 2575, 2579, 2601, 2611, 2611, 2611, 2613, 2619, 2621, 2621, 2629, 2629, 2629, 2629, 2631, 2637, 2641, 2645, 2647, 2657, 2659, 2663, 2671, 2673, 2677, 2677, 2677, 2677, 2679, 2681, 2685, 2695, 2695, 2723, 2723, 2762, 2764, 2774, 2785, 2842, 2842, 2851, 2859, 2875, 2881, 2889, 2908, 2957, 2969, 2981, 2981, 2981, 2981, 2987, 2990, 2994, 2998, 3000, 3008, 3022, 3034, 3059, 3061, 3061, 3061, 3065, 3065, 3065, 3065, 3065, 3065, 3065, 3065, 3065, 3071, 3093, 3109, 3111, 3113, 3119, 3154, 3154, 3154, 3164, 3190, 3194, 3208, 3222, 3226, 3228, 3232, 3238, 3244, 3277, 3277, 3279, 3291, 3295, 3316, 3324, 3324, 3330, 3338, 3344, 3350, 3350, 3375, 3393, 3401, 3409, 3419, 3421, 3431, 3435, 3453, 3453, 3457, 3463, 3467, 3477, 3477, 3481, 3487, 3491, 3510, 3533, 3533, 3543, 3560, 3563, 3569, 3572, 3611, 3635, 3644, 3648, 3655, 3673, 3682, 3694, 3703, 3712, 3718, 3754, 3768, 3774, 3786, 3790, 3800, 3812, 3831, 3837, 3893, 3923, 3931, 3955, 3957, 3966, 3966, 3966, 3980, 3982, 3982, 3989, 3989, 3995, 3995, 3995, 3999, 4001, 4003, 4009, 4009, 4011, 4013, 4017, 4017, 4019, 4019, 4039, 4039, 4039, 4039, 4039, 4041, 4043, 4043, 4043, 4055, 4067, 4067, 4067, 4067, 4081, 4081, 4093, 4117, 4121, 4123, 4127, 4127, 4151, 4151, 4153, 4155, 4157, 4165, 4167, 4185, 4187, 4189, 4197, 4199, 4239, 4241, 4243, 4243, 4265, 4279, 4287, 4310, 4312, 4314, 4316, 4324, 4328, 4333, 4372, 4398, 4417, 4417, 4417, 4417, 4423, 4425, 4443, 4470, 4480, 4482, 4528, 4540, 4571, 4665, 4683, 4691, 4693, 4695, 4695, 4699, 4699, 4776, 4776, 4782, 4797, 4821, 4831, 4859, 4895, 4921, 4928, 4980, 4988, 4998, 4998, 4998, 4998, 5002, 5002, 5002, 5004, 5004, 5004, 5004, 5014, 5018, 5024, 5030, 5038, 5074, 5080, 5080, 5084, 5084, 5092, 5108, 5116, 5120, 5122, 5149, 5160, 5162, 5170, 5170, 5182, 5184, 5206, 5226, 5234, 5249, 5249, 5267, 5269, 5287, 5291, 5310, 5315, 5317, 5326, 5330, 5366, 5379, 5393, 5426, 5458, 5485, 5518, 5526, 5542, 5546, 5546, 5554, 5554, 5560, 5560, 5578, 5587, 5587, 5587, 5589, 5591, 5660, 5719, 5768, 5812, 5835, 5843, 5853, 5892])
(animation;%&%[4045])
(anoint%&%[4873])
(another:31%&%[2981])
(answer;%&%[3407, 4077])
(answers%&%[1587])
(apparel%&%[853])
(appear%&%[2663, 4037, 4039])
(appear.%&%[90])
(applaud%&%[4571])
(applicable.%&%[2715])
(approbation.%&%[4049])
(approve%&%[88])
(approve,%&%[1523])
(apt,%&%[3330])
(ardour%&%[1773])
(argues%&%[5080])
(argument%&%[3200])
(argument?]%&%[4107])
(arises%&%[4065])
(arm;%&%[1823])
(armorial%&%[5018])
(arms%&%[1464, 2853, 3955])
(arms.%&%[5096])
(arms:%&%[5362])
(arras%&%[3539, 4179, 4291])
(arras,%&%[3655, 3933])
(art%&%[122, 158, 203, 1150, 1977, 2023, 3081, 4821, 5030, 5804])
(art.%&%[1975, 1983])
(artery%&%[1107])
(asking%&%[4776])
(aslant%&%[4915])
(ass.48%&%[2287])
(assistants.%&%[4051])
(associates.%&%[1515])
(astonish%&%[3411])
(at%&%[24, 164, 236, 313, 321, 575, 618, 1070, 1121, 1269, 1296, 1384, 1462, 1476, 1533, 1535, 1583, 1585, 1589, 1635, 1773, 1930, 1977, 2023, 2168, 2210, 2253, 2317, 2321, 2338, 2344, 2513, 2587, 2589, 2601, 2611, 2647, 2653, 2669, 2969, 3065, 3079, 3186, 3411, 3734, 3825, 3852, 3865, 4003, 4083, 4087, 4087, 4121, 4127, 4143, 4179, 4251, 4380, 4398, 4421, 4427, 4431, 4520, 4960, 4996, 4996, 4998, 4998, 4998, 5132, 5155, 5249, 5508, 5572, 5843])
(at:%&%[1611])
(attach%&%[4243])
(attendant%&%[5796])
(attractive.%&%[3178])
(audit%&%[3980])
(aught%&%[1474])
(aught,%&%[1900, 4427])
(augury:%&%[5580])
(author's%&%[1715, 4091])
(author,%&%[1575])
(avouch12%&%[151])
(away!%&%[135, 3346, 3859])
(away!—Go%&%[1119])
(away.]%&%[5871])
(back%&%[5249, 5500, 5775])
(backward.%&%[2178])
(bad,%&%[3646])
(baker's%&%[4509, 4976])
(ballads%&%[4089])
(ban%&%[3336])
(bar%&%[3423, 4153])
(barefac'd%&%[4677])
(barr'd27%&%[284])
(barrel?%&%[5267])
(battlements%&%[5666])
(be%&%[118, 197, 197, 265, 269, 319, 716, 865, 869, 901, 1068, 1179, 1204, 1283, 1298, 1335, 1365, 1581, 1585, 1587, 1589, 1615, 1647, 1657, 1689, 1737, 1747, 1757, 1787, 1867, 1967, 1971, 2011, 2019, 2099, 2123, 2125, 2156, 2156, 2178, 2182, 2187, 2222, 2245, 2267, 2289, 2397, 2484, 2533, 2561, 2565, 2613, 2613, 2613, 2629, 2637, 2653, 2655, 2657, 2663, 2733, 2793, 2806, 2863, 2957, 2969, 2973, 3042, 3044, 3053, 3065, 3065, 3071, 3071, 3071, 3093, 3190, 3234, 3257, 3259, 3281, 3401, 3439, 3457, 3503, 3574, 3669, 3673, 3746, 3915, 3929, 3929, 3995, 3995, 3995, 4017, 4039, 4055, 4093, 4095, 4125, 4137, 4143, 4165, 4223, 4243, 4269, 4522, 4540, 4540, 4569, 4573, 4630, 4636, 4673, 4723, 4740, 4748, 4802, 4804, 4825, 4889, 4938, 5002, 5020, 5022, 5038, 5060, 5062, 5072, 5080, 5080, 5149, 5164, 5170, 5170, 5176, 5180, 5184, 5196, 5214, 5230, 5249, 5310, 5319, 5322, 5552, 5560, 5628, 5798])
(be."%&%[1587])
(be.%&%[4509, 5480, 5851])
(be:%&%[859, 2066])
(bear,]%&%[3974])
(beast,%&%[1224])
(beating;%&%[5116])
(beauteous%&%[4459])
(beauty.25%&%[2957])
(beauty.]%&%[3995])
(beaver%&%[654, 1657])
(beck%&%[4003])
(beck28%&%[2969])
(beckons%&%[1046, 1052])
(bed,%&%[20, 3553])
(bed,——129%&%[3761])
(before,%&%[164, 1454])
(beget%&%[3061])
(begin.%&%[3324, 4439])
(beguile%&%[3291])
(behaved,%&%[2791])
(behaviour%&%[3409])
(behove%&%[5128])
(being%&%[221, 840, 1565, 1575, 1589, 1589, 1625, 1715, 1743, 1867, 2160, 2561, 2613, 2671, 2671, 4101, 4101, 4241, 4857, 5032])
(being,%&%[3978])
(belief%&%[78, 2613, 4251])
(bell%&%[108, 5317])
(bent,8%&%[1928])
(beseech%&%[317, 1934, 2134, 3449, 5522])
(bespeak:%&%[2062])
(best,16%&%[2023])
(best,]%&%[2591])
(beteem]%&%[1627])
(bewept%&%[4501])
(bier;%&%[4677])
(bird,%&%[1339, 1771])
(bites%&%[963])
(bitterness%&%[2705])
(black%&%[3754])
(black,%&%[3194, 3330])
(blame%&%[2827])
(blanket,%&%[2388])
(blasted,%&%[3336])
(blazon104%&%[1179])
(blister%&%[3688, 4199])
(blood;%&%[760, 1169])
(bodiless%&%[3871, 4257])
(bodkin?16%&%[2887])
(bodkin?]%&%[3972])
(bold,%&%[3439, 4165])
(bones%&%[4121, 5155])
(bones,%&%[1021, 3744])
(both,%&%[1892, 2134, 3995, 4318])
(bounty.%&%[2401])
(bourn18%&%[2894])
(bourn]%&%[3976])
(bouts%&%[4897])
(brain;%&%[3298])
(brains!]%&%[2709])
(brains%&%[3028, 5116])
(brass.%&%[4195])
(breach%&%[999])
(break%&%[110, 1539, 3285])
(break,%&%[470])
(breast,%&%[2599])
(breath;%&%[5668])
(bred%&%[2553, 2613])
(broken%&%[2439])
(brook,%&%[4915])
(brother;%&%[464])
(brothers%&%[5410])
(brought,%&%[5560])
(brow;%&%[3708])
(builds%&%[5100, 5106])
(burial%&%[5072])
(buried%&%[126, 5072, 5090, 5196, 5426])
(buried,%&%[5267])
(burning%&%[5432])
(business106%&%[3495])
(business]%&%[4173])
(bustle,%&%[3957])
(but,%&%[1856, 4490, 5198, 5536, 5544])
(buz!47%&%[2283])
(buz!]%&%[2653])
(buz%&%[2653])
(by%&%[166, 248, 261, 419, 579, 830, 1061, 1121, 1214, 1267, 1324, 1358, 1372, 1402, 1438, 1466, 1551, 1571, 1625, 1649, 1651, 1655, 1677, 1747, 1757, 1765, 1821, 1896, 1919, 1991, 2031, 2031, 2079, 2222, 2222, 2222, 2222, 2237, 2313, 2317, 2478, 2503, 2515, 2577, 2583, 2611, 2613, 2647, 2661, 2671, 2677, 2677, 2723, 2725, 2731, 2781, 2791, 2855, 2857, 3154, 3174, 3176, 3204, 3419, 3477, 3477, 3481, 3603, 3800, 3867, 3951, 3970, 4009, 4013, 4013, 4077, 4091, 4093, 4095, 4137, 4151, 4155, 4199, 4205, 4219, 4231, 4239, 4626, 4804, 4903, 4962, 4986, 4990, 5006, 5036, 5038, 5200, 5491, 5552, 5637, 5723, 5796, 5828, 5869])
(by'r-lady,%&%[3194])
(by.%&%[3477, 3477])
(c.%&%[4091])
(called%&%[4089, 4099, 5000, 5004])
(called,%&%[4055])
(calm%&%[4596])
(calumny.%&%[2977])
(camel?%&%[3465])
(can;%&%[5560])
(cannon%&%[415, 5552, 5719])
(cannot.%&%[3403, 3443, 3447])
(cap-à-pé,%&%[575])
(carefully%&%[18])
(carouses%&%[5737])
(carry%&%[5552])
(cases,%&%[5170])
(cast%&%[333, 1030, 2906, 4719])
(cataplasm,]%&%[5040])
(cataplasm45%&%[4879])
(catch%&%[942, 2545, 4113])
(cause,48%&%[5491])
(cause:%&%[1991])
(cautious.%&%[1669, 5032])
(caviare%&%[2321])
(ceased.%&%[4093])
(centre.%&%[2107, 4279, 4443, 4457, 4558, 4577])
(ceremonious%&%[1601])
(chalice%&%[4901])
(chances%&%[2249])
(chansons%&%[2663])
(chapel.%&%[4326])
(character,%&%[4039])
(chariest%&%[787, 1669])
(charitable%&%[5308])
(charitable,%&%[1011])
(charm%&%[4996])
(chary%&%[3995])
(charácter.73%&%[828])
(children,%&%[1551])
(choice%&%[772, 3344])
(choice,%&%[3101])
(choler.%&%[3389, 3391])
(chopine.56%&%[2317])
(chorus,]%&%[4123])
(christian%&%[4723, 5072, 5074, 5090])
(christian,%&%[3065])
(church:%&%[5104])
(churches,%&%[3194, 4093])
(city.%&%[2247])
(clay,%&%[5269])
(clog,%&%[2671])
(clutch,%&%[5141])
(co-mingled,%&%[3113])
(coat%&%[4241, 5018, 5018])
(cockle%&%[4470])
(cold;%&%[5514])
(coldly%&%[523, 4429, 4962])
(colour;%&%[3845])
(come.117%&%[1339])
(come;%&%[407, 738, 2214, 4413, 4793, 5249])
(come;—%&%[1452])
(comedy%&%[2657])
(comedy,%&%[2289])
(comes%&%[110, 185, 1809, 1991, 2132, 2273, 2802, 3127, 3421, 5277, 5496])
(comes.53%&%[2313])
(coming%&%[4833])
(coming,%&%[2243])
(command%&%[1921, 3455, 5304])
(command,%&%[1856])
(commandment%&%[1320])
(commemorated%&%[4093])
(commend%&%[1484, 5566])
(comment%&%[3133, 4069])
(commission%&%[3516])
(common.%&%[345])
(commutual%&%[3230])
(comrade.%&%[838])
(concealment%&%[1783])
(conceit%&%[2695])
(conceit,%&%[2433])
(conceit?]%&%[2695])
(conceiving.%&%[4247])
(concerned,%&%[4990])
(concurrence%&%[1573])
(condolement,]%&%[1605])
(confer,%&%[5016])
(confess.%&%[5733])
(confession%&%[2218, 2737, 4817, 5028])
(confounded%&%[4039])
(conjectures%&%[4451])
(conjoin'd,%&%[3837])
(conjuring%&%[4433, 4966])
(cons,%&%[2579])
(conscience!%&%[2838])
(consent:]%&%[1577])
(consider%&%[2581, 4956, 5265, 5265])
(constantly%&%[4189])
(constantly.%&%[671])
(consummation%&%[2861])
(content.%&%[4737])
(continual%&%[5572])
(continued%&%[2567, 4081])
(contumely,14%&%[2877])
(conversation%&%[3083])
(conversation.%&%[1707, 4181])
(conversed%&%[1715])
(convert%&%[3841])
(convocation%&%[4380])
(convulse.%&%[1739])
(cool,%&%[4243])
(corruption%&%[2613])
(corruption,%&%[3895])
(cote,%&%[2637])
(coted%&%[2243, 2637])
(counsel.%&%[1673, 4540])
(count%&%[3234])
(cours'd%&%[4143])
(course.%&%[2531, 2619])
(court%&%[1894, 5526])
(courteous%&%[1054])
(coward?%&%[2472])
(cowards%&%[2902, 3980])
(crafty%&%[2735])
(crants,35%&%[5313])
(crawling%&%[2969])
(creation%&%[3871, 4257])
(creature%&%[3332])
(crimes%&%[1160])
(crowing%&%[1559])
(crown%&%[4155, 4239, 5674])
(crown,%&%[1269])
(crowner's-quest%&%[5088])
(crowner3%&%[5074])
(cue66%&%[2450])
(cunning.]%&%[2679])
(custom%&%[997, 1249, 2237, 2567, 2567, 3671, 4055, 4093, 4934])
(dalliance%&%[807])
(dallying.]%&%[4127])
(damned%&%[3140])
(dance,%&%[4089])
(daughter.]%&%[4976])
(daughter?"%&%[2613])
(day;%&%[236, 1765])
(day?%&%[2921])
(days%&%[1160, 5202])
(day—pressure%&%[4043])
(dead!—nay,%&%[440])
(dead?%&%[4630])
(deadly%&%[1757])
(death,90%&%[1021])
(decayer%&%[5234])
(deceived.%&%[2259, 2967])
(declining%&%[2553])
(deeds%&%[740])
(deeply%&%[3283])
(defect,%&%[1989])
(defence,]%&%[5030])
(defence?%&%[5076])
(defiled.%&%[4984])
(deformity%&%[1625])
(deject%&%[2994])
(delay,%&%[2879])
(delineate%&%[4043])
(deliver,%&%[558])
(departed%&%[4534])
(depends%&%[772])
(deride%&%[2647])
(desert,%&%[2401])
(desk,%&%[2599])
(desolate%&%[1649])
(desperate%&%[5283])
(despised%&%[2879])
(determine,%&%[4105])
(dew!%&%[423])
(dicer's%&%[3690])
(did%&%[612, 627, 1048, 1218, 1255, 1265, 1635, 1837, 1856, 1858, 1880, 1882, 2062, 2241, 2249, 2328, 2362, 2749, 2961, 3164, 3166, 3168, 3228, 3369, 3417, 3720, 3854, 4083, 4501, 4919, 5124, 5124, 5149, 5283])
(die,—to%&%[2855, 2863])
(difference.28—There's%&%[4695])
(different,%&%[3022])
(dip%&%[4877, 4998])
(direct%&%[1535, 2222])
(direction.%&%[2697])
(direst%&%[1637])
(discourse%&%[2957, 3393, 3453, 3995, 4167])
(discourse,%&%[3995])
(diseased!%&%[3407])
(disguised.%&%[2691])
(dismissed,%&%[1689])
(disorderly%&%[1679])
(disposition%&%[1783, 3941])
(disposition123%&%[1460])
(disposition93%&%[1038])
(distemper%&%[3831])
(distemper,%&%[1539])
(distempered.92%&%[3385])
(distinguish,%&%[3103])
(distracted%&%[1314, 1767, 1767, 4347])
(do%&%[33, 199, 221, 317, 381, 479, 503, 515, 625, 836, 873, 905, 922, 942, 1058, 1070, 1072, 1474, 1484, 1629, 1814, 1816, 1934, 1944, 1952, 2040, 2134, 2168, 2206, 2529, 2733, 2804, 2831, 3010, 3032, 3032, 3036, 3061, 3087, 3123, 3180, 3190, 3267, 3269, 3312, 3314, 3401, 3419, 3437, 3441, 3449, 3457, 3495, 3821, 3823, 3833, 3843, 3847, 3921, 4071, 4071, 4105, 4153, 4161, 4225, 4505, 4608, 4831, 4980, 4980, 4980, 5104, 5104, 5182, 5210, 5238, 5414, 5456, 5572, 5614, 5648, 5733, 5744, 5758, 5806])
(do:%&%[5418])
(document%&%[4693])
(does,%&%[2117])
(doff%&%[4980])
(done!%&%[3234])
(dooms-day%&%[2210])
(doth%&%[982, 2016, 2764, 2838, 3306, 3877, 4610, 4909, 5281])
(double%&%[4853])
(doublet%&%[1803])
(dove!%&%[4681])
(down!%&%[2992])
(down]%&%[1655])
(drapery%&%[2667])
(draws%&%[974, 4879])
(dream%&%[1892, 2431])
(dream,%&%[4215])
(dreaming,%&%[2699])
(dreamt%&%[1450])
(dress%&%[4091])
(drink!%&%[5794])
(drink,—O,%&%[5792])
(drink.]%&%[5717])
(drop%&%[4596])
(drowned%&%[5076, 5080])
(drugs%&%[3330])
(dull,%&%[3291, 4057])
(dupp'd]%&%[4980])
(during%&%[4055, 4087])
(e'en%&%[2317, 3081, 4380, 5136, 5222])
(e'er%&%[3083])
(ears,%&%[92])
(earth;%&%[5267])
(earth?%&%[5253])
(eaten:%&%[4380])
(eats%&%[2611])
(edge,%&%[2768])
(effect%&%[797, 1257, 1671, 1991])
(effect,8%&%[4433])
(effect.%&%[4249])
(effects:]%&%[4249])
(eight%&%[5230])
(either%&%[2289, 2599, 5100])
(election%&%[3103])
(eleven%&%[725])
(eloquent%&%[3453, 4167])
(emotion:%&%[1667])
(employs%&%[2681])
(encounter%&%[2789])
(encounter:%&%[2121])
(end%&%[1839, 2245, 2587, 2639, 2855, 2857, 3401, 3953, 4526])
(end,——%&%[4695])
(end.%&%[5036])
(engage%&%[4055])
(ensigns%&%[5018])
(entertainment38%&%[2243])
(entertainment]%&%[2635])
(entitled%&%[2661])
(entreat%&%[1892, 2760, 3040])
(envious%&%[4926])
(epithet%&%[1637, 4137])
(erring%&%[240, 1563])
(escape%&%[2977, 4903])
(establish.%&%[1523])
(estate.32%&%[5285])
(estimation%&%[2249])
(eternal%&%[1179, 1737])
(eternal.%&%[1745])
(eterne,%&%[2364])
(every%&%[845, 1390, 1667, 2401, 3720, 4069, 4093, 5018, 5206])
(everything%&%[1615, 4423])
(evidence,%&%[1531])
(evils%&%[2615, 3964])
(examined%&%[1703])
(except%&%[2189, 2189, 2189])
(exciting%&%[1729])
(exeunt%&%[3533, 5660])
(exist%&%[1635])
(expostulate10%&%[1954])
(express36%&%[2237])
(expressions.%&%[2597])
(eye,%&%[358, 536])
(eyelids%&%[5406])
(eyes.—Prithee,%&%[2395])
(face,%&%[2695, 2981, 4009, 4009])
(faculties—the%&%[2695])
(fair?%&%[2953])
(faith.]%&%[1631])
(faithful%&%[2042, 4117])
(faithful.—%&%[2011])
(fall%&%[2362, 2507, 2683, 5580])
(falling-off%&%[1233])
(false%&%[869, 1625, 1751, 3690, 4035, 4687])
(fame%&%[4853])
(fan%&%[2685])
(fancy:%&%[5249])
(fantastically%&%[4665])
(far%&%[271, 1667, 3238, 4171, 4647, 4990, 5300, 5601])
(farewell!%&%[3657])
(fast?%&%[5420])
(father!%&%[553])
(father.]%&%[4978])
(father—those%&%[5006])
(favour%&%[1575, 4699])
(favour28%&%[297])
(favourite%&%[2661, 5038])
(fear,108%&%[3523])
(fear,]%&%[1651, 4177])
(fear?%&%[1068])
(fearful%&%[230, 1557])
(feast%&%[4093])
(feather.35%&%[2237])
(fee;95%&%[1070])
(feelingly%&%[5526])
(feet.]%&%[4087])
(felicity%&%[5880])
(fell%&%[2031, 2346, 2681, 2745, 5847])
(fellow's%&%[5238])
(fellow44%&%[3061])
(fellowship,%&%[2222])
(figuratively.%&%[4115])
(fill%&%[1585, 1665])
(fill.%&%[4628])
(film,]%&%[4265])
(finger%&%[3115])
(fire:]%&%[1765])
(fish;%&%[2611])
(fishmonger.]%&%[2611])
(fit,%&%[3038, 3330, 4289])
(flame%&%[3831])
(flat,%&%[429])
(flatter;%&%[3087])
(flowed%&%[5006])
(flowers;11%&%[4499])
(fly%&%[1559, 2317, 2900])
(foils%&%[5036, 5560, 5654])
(foils,%&%[5639])
(foils;]%&%[5034])
(folks%&%[5092])
(follow%&%[1063, 1078, 1095, 1119, 3099, 4063, 5267, 5283, 5841])
(follow:%&%[4911])
(followed?%&%[2249])
(for't.]%&%[2641])
(for,%&%[252, 1969, 2222, 3190, 3391, 3734, 5128])
(force%&%[2433, 2961, 4137])
(foreknowing%&%[205, 4135])
(forged%&%[1214])
(forget%&%[479])
(forget:%&%[3806])
(forgiveness%&%[5833])
(form,38%&%[2990])
(form,]%&%[4023])
(former%&%[3238])
(forms%&%[2442, 2695, 2695])
(forms,%&%[360, 1318])
(forthwith%&%[3516])
(fortune,%&%[2645, 2851, 5737])
(forward,%&%[3421])
(founded%&%[1635])
(free;%&%[2456])
(freely%&%[286, 1930, 2641, 4153])
(freely.%&%[1657])
(freely:%&%[5619])
(frequently%&%[2583, 3999, 4199])
(fret%&%[3457, 4169, 4169])
(friend.96%&%[3423])
(friend.]%&%[4153])
(friend;%&%[483, 861, 1629])
(friends%&%[832, 2411, 2627])
(friends.%&%[3485, 4153])
(friends:%&%[2407])
(friendship,]%&%[2619])
(frighted%&%[1741])
(fringed%&%[2667])
(from.140%&%[3885])
(from.]%&%[4263])
(fruitful%&%[358])
(full%&%[1531, 1577, 1928, 2575, 2575, 5526])
(funeral.%&%[513])
(further?%&%[2110])
(fye!%&%[434, 2511])
(gain%&%[5560])
(galled%&%[3316, 4119])
(gallows%&%[5104, 5104, 5104])
(garden%&%[3344])
(gardeners,%&%[5092])
(gather,%&%[1898, 2001])
(gentle%&%[409, 1932, 3827])
(gentleman,%&%[5526])
(gentleman?12%&%[5094])
(gentlemen,%&%[560, 567, 1482, 1904, 2768])
(gentler%&%[3991])
(gently:%&%[3061])
(ghost%&%[1117, 3140])
(ghost's%&%[3363])
(ghost,%&%[1312, 1378, 1406])
(gifts%&%[1241, 2945])
(gifts,%&%[1227])
(girdle,%&%[5546])
(glassy%&%[4917])
(glow-worm%&%[1298])
(go;%&%[2977, 2977, 5869])
(goblet%&%[5725, 5864, 5871])
(golden%&%[2237, 5445])
(gone%&%[166, 286, 3224])
(good,%&%[595, 5806])
(grain,%&%[4223])
(grainèd%&%[3754])
(grandsire%&%[2330])
(gratis;%&%[2245])
(grave-maker?%&%[5200])
(grave-makers:%&%[5092])
(grave.%&%[5351])
(greasy%&%[4229])
(green%&%[916])
(grey%&%[2178])
(grief%&%[1869, 2563, 3034, 5374])
(grief,%&%[267, 360, 1569])
(grinning?%&%[5249])
(ground,77%&%[3226])
(ground.%&%[40, 4540])
(group%&%[5482])
(grow%&%[1308, 3291, 4077])
(grown%&%[452, 2208])
(grows,"—the%&%[4157])
(grows,—the%&%[3429])
(guards!%&%[3792])
(guilt%&%[4071])
(guilt,%&%[4071])
(guilt62%&%[3135])
(habitudes%&%[1621])
(had%&%[26, 160, 425, 452, 525, 527, 567, 593, 674, 1531, 1551, 1587, 1587, 1649, 1777, 1777, 2046, 2054, 2293, 2376, 2391, 2599, 2599, 2599, 2969, 3061, 3065, 3978, 3978, 4037, 4051, 4302, 4302, 5064, 5064, 5090, 5145, 5149])
(had.%&%[1695])
(haire."%&%[1741])
(half%&%[2671, 3194, 5808])
(half.%&%[3905])
(hams:%&%[2178])
(hand%&%[824, 1237, 1237, 1267, 1440, 1825, 5136, 5283, 5591, 5593])
(hand.%&%[5637])
(hap%&%[718])
(happily,%&%[205])
(haps,9%&%[4439])
(haps,]%&%[4968])
(hard%&%[315, 519, 1577, 1615, 1854])
(harping%&%[2168, 2301])
(harrow%&%[1169])
(hart%&%[3357])
(haste%&%[618, 683, 3531, 4331])
(hasty%&%[1884])
(hat%&%[4470])
(hath,%&%[311, 912])
(have?%&%[2452])
(having%&%[2613, 2627, 2669, 2671, 3065, 4243])
(he,%&%[2075, 2293, 2781, 4857, 5084, 5084])
(head,]%&%[4982])
(heard,]%&%[5020])
(heart;%&%[1306, 2764, 3026])
(heart?%&%[4844])
(hearts%&%[267])
(hearts,%&%[3228])
(heaven.%&%[940, 1358])
(heavens!%&%[2975, 3194, 4671])
(heavy%&%[4300])
(heavy,%&%[2289, 2657, 5652])
(hebenon110%&%[1253])
(heedless%&%[1671])
(heeds%&%[1673])
(heels%&%[3411, 4486])
(hell,%&%[1009, 2503, 3742, 4632])
(helmet%&%[1657])
(helmet,%&%[5018])
(help,%&%[3619])
(hemlock,%&%[4139])
(hence,%&%[3279])
(her,%&%[2066, 3505, 5074, 5249, 5426])
(here?%&%[5496])
(hereditary%&%[4155])
(herein%&%[284])
(herself:%&%[3105, 5006])
(hey-day%&%[3736])
(hid%&%[2105])
(hies%&%[240])
(him.]%&%[1519, 5387])
(him:]%&%[4185])
(him;%&%[2747, 3048, 5441])
(him?%&%[3383])
(himself.58%&%[5536])
(hinder—to%&%[1735])
(his;37%&%[376])
(hit%&%[5752])
(hit.%&%[5706])
(hitherto%&%[714])
(hits;%&%[5554])
(hold%&%[78, 470, 712, 1386, 2178, 2233, 2249, 3038, 3823, 4905, 5092, 5560, 5878])
(home%&%[3565, 4185, 5315])
(home:%&%[3541, 4849])
(honest.%&%[2208])
(honesty?%&%[2959])
(honey%&%[2996])
(honor'd%&%[2202])
(honour%&%[776, 1613, 2401, 2921])
(honourable.%&%[2042])
(horrible%&%[1086])
(horse.%&%[4121])
(hour,]%&%[1533])
(hours%&%[2112])
(hours,%&%[1585])
(how.—But,%&%[5520])
(how?%&%[3316])
(humours%&%[4043, 4067])
(hurt%&%[5605])
(husband%&%[3252, 3259, 3271, 4645, 4990])
(husband's%&%[3605])
(i'faith;%&%[3158])
(i'the%&%[331, 1589, 2164, 2305, 2478, 3168, 3312, 4384, 4540, 5202, 5228, 5253, 5630])
(idea%&%[2553, 4241])
(if,%&%[2178])
(image%&%[1741, 2681, 3316, 4009, 4117, 5491])
(image,%&%[3065])
(imaginary%&%[4039])
(imaginations%&%[3142])
(imitated%&%[3065])
(impartment%&%[1048])
(impose%&%[4169])
(impress%&%[2613])
(in't—could%&%[2417])
(in,%&%[840, 2247, 4005])
(inattentive%&%[4243])
(incitements%&%[5020])
(inclinable.%&%[3939])
(incorporal%&%[3823])
(incorrect%&%[387])
(indeed%&%[2105])
(indeed,%&%[362, 631, 2237, 2251, 2458, 3718, 4384, 4447, 4825])
(indifferently53%&%[3069])
(inexperienced%&%[1703])
(ingenious%&%[5358])
(inky%&%[354])
(insert%&%[2417])
(instrument%&%[3457, 5810])
(instrument.%&%[4169])
(intelligence%&%[2599])
(intended%&%[2613])
(intents%&%[1011])
(intercourse%&%[1695, 2621])
(interludes.%&%[4089])
(invisible,%&%[4251])
(is!%&%[5249])
(is't%&%[3819, 4671])
(is't:%&%[993])
(it!23%&%[4687])
(it!]%&%[4996])
(it%&%[106, 110, 135, 156, 185, 187, 221, 223, 227, 265, 321, 329, 345, 348, 350, 352, 438, 438, 454, 468, 505, 517, 519, 610, 614, 618, 627, 681, 696, 706, 708, 716, 721, 760, 867, 901, 907, 963, 970, 972, 974, 974, 991, 1003, 1048, 1072, 1080, 1191, 1237, 1261, 1265, 1281, 1386, 1392, 1446, 1499, 1527, 1531, 1535, 1555, 1559, 1583, 1587, 1589, 1635, 1635, 1665, 1687, 1687, 1689, 1689, 1729, 1735, 1765, 1777, 1781, 1781, 1837, 1886, 1908, 1948, 1993, 2094, 2099, 2105, 2110, 2178, 2178, 2214, 2214, 2237, 2237, 2253, 2313, 2321, 2321, 2321, 2321, 2321, 2321, 2323, 2340, 2417, 2429, 2476, 2484, 2521, 2553, 2565, 2599, 2613, 2745, 2764, 2815, 2961, 2961, 2969, 2981, 3012, 3038, 3061, 3061, 3061, 3061, 3065, 3065, 3071, 3127, 3198, 3242, 3285, 3316, 3401, 3453, 3453, 3457, 3469, 3512, 3543, 3607, 3642, 3669, 3671, 3673, 3734, 3778, 3817, 3859, 3911, 3970, 3972, 4017, 4051, 4091, 4111, 4111, 4135, 4165, 4167, 4167, 4175, 4175, 4195, 4237, 4343, 4513, 4548, 4571, 4612, 4695, 4737, 4782, 4802, 4879, 4936, 4962, 4998, 5004, 5004, 5006, 5074, 5080, 5080, 5080, 5084, 5104, 5104, 5126, 5134, 5149, 5149, 5149, 5180, 5182, 5182, 5184, 5188, 5238, 5238, 5249, 5259, 5263, 5263, 5454, 5518, 5520, 5554, 5560, 5572, 5576, 5619, 5723, 5748, 5754, 5800, 5851])
(it's%&%[3736])
(it."%&%[1551, 4005])
(it.%&%[88, 629, 691, 1058, 1063, 1078, 1351, 1356, 1689, 1779, 1816, 1829, 2023, 2130, 2182, 2601, 3061, 3071, 4039, 4239, 5064, 5616, 5869])
(it:%&%[2484, 2751, 5267, 5858])
(itself.%&%[4071])
(jangled,%&%[3000])
(jest;%&%[3312])
(jester.%&%[5242])
(jig-maker.71%&%[3190])
(jigs.%&%[4089])
(jocund%&%[413, 1615])
(jointress%&%[279])
(joy,—]%&%[5012])
(joys%&%[4439])
(judge%&%[2291])
(judgments%&%[3148])
(judicious%&%[3065])
(justly%&%[2214, 2631, 5785, 5831])
(keep,%&%[797])
(kettle73%&%[5680])
(key%&%[883, 1689, 4169])
(killed%&%[3168, 3168, 5785])
(kindred%&%[1587])
(king!3%&%[10])
(king%&%[114, 550, 553, 982, 1587, 2218, 2237, 2245, 2253, 2629, 2645, 2673, 3427, 3784, 4155, 4241, 5202, 5560, 5668, 5686])
(king.%&%[1639, 1850, 2545, 3320, 4015, 4113])
(king.57%&%[538])
(king:%&%[1865])
(king?—Sirs,%&%[4579])
(kings;130%&%[3772])
(kissed%&%[5249])
(knave."%&%[1773])
(knave.118%&%[1376])
(knight%&%[2245])
(knight.%&%[5018])
(know%&%[168, 352, 507, 629, 1195, 1408, 1474, 2090, 2146, 2218, 2237, 2263, 2531, 2651, 2651, 2651, 2900, 2936, 2977, 3204, 3451, 3457, 3640, 4366, 4437, 4466, 4509, 4509, 4540, 4776, 4849, 5240, 5249, 5502, 5506, 5536, 5536, 5641])
(know'st%&%[341])
(know.%&%[2097, 3555])
(known%&%[1421, 2565, 2599, 2653, 4994])
(laps'd%&%[3800])
(leather,%&%[2671])
(leave%&%[297, 307, 311, 317, 1292, 1575, 1575, 2187, 2187, 2411, 2777, 3244, 3246, 3289, 3324, 3730, 3756, 4103, 4223, 4776])
(leave,%&%[873])
(led%&%[4165])
(left.%&%[5862])
(leisure,%&%[5508])
(lend%&%[1143, 4733])
(lessons%&%[1673])
(let%&%[78, 92, 98, 335, 393, 565, 629, 1247, 1289, 1406, 1973, 1985, 2222, 2321, 2321, 2397, 3042, 3065, 3071, 3095, 3194, 3259, 3354, 3499, 3514, 3667, 3746, 4337, 4513, 4755, 4793, 5249, 5397, 5428, 5560, 5652, 5680, 5798, 5851, 5869])
(let's%&%[1501, 2840, 4581])
(letters,%&%[1858])
(liberties,%&%[2659])
(libertine,70%&%[805])
(lids34%&%[337])
(lief]%&%[4031])
(lies%&%[793, 1902, 2340, 5080, 5084])
(liest.%&%[5184])
(life;%&%[2873, 5808])
(life?%&%[4673])
(lift%&%[4980])
(lightly."%&%[4962])
(lights,%&%[3348])
(like%&%[114, 156, 227, 335, 464, 542, 573, 614, 805, 916, 1171, 1555, 2178, 2237, 2237, 2313, 2317, 2323, 2505, 2507, 2525, 2635, 3014, 3304, 3467, 3469, 3471, 3473, 3475, 3512, 3712, 3714, 3726, 3955, 4143, 4207, 4349, 4842, 5104, 5434, 5614, 5630])
(like.%&%[681])
(likeness:]%&%[3999])
(line;%&%[2321])
(lines%&%[2661])
(lines,%&%[2417])
(lip."%&%[4157])
(liquor.16%&%[5116])
(list!—%&%[1181])
(little.45%&%[2253])
(live;%&%[2981])
(lively%&%[4117])
(living%&%[1906, 5476])
(lock%&%[2069, 3277])
(lodge,%&%[1294])
(lodged%&%[5306])
(lofty21%&%[234])
(long?%&%[681, 3194])
(longer%&%[4079, 5406])
(look%&%[143, 335, 542, 1807, 2164, 2164, 2164, 2237, 2421, 3190, 3457, 3497, 3839, 3859, 5843])
(lord,%&%[295, 311, 481, 513, 519, 546, 550, 603, 608, 625, 646, 912, 922, 932, 938, 1003, 1328, 1351, 1358, 1378, 1428, 1797, 1797, 1801, 1814, 2187, 2208, 2235, 2239, 2243, 2277, 2279, 2307, 2332, 2397, 2399, 2919, 2925, 2936, 2959, 2963, 3036, 3079, 3242, 3377, 3389, 3393, 3401, 3417, 3423, 3439, 3443, 3463, 3537, 3917, 4359, 4762, 4768, 5508, 5516, 5520, 5558])
(lord,—%&%[491])
(lord,——%&%[1328])
(lord;—a%&%[3772])
(lordship%&%[5500, 5508, 5554])
(lordship.%&%[5566])
(loss%&%[776, 5006])
(lot,%&%[2313, 2661])
(love.]%&%[2563])
(loved;%&%[2321])
(lovers.%&%[5002, 5008])
(loves.%&%[723])
(luxury,%&%[2677])
(lying:%&%[3453])
(machine%&%[2025, 2593])
(mad?%&%[1971, 5216])
(madam!%&%[352])
(madam!——%&%[5739])
(made,%&%[1275, 5368])
(madness%&%[2081, 2187, 2557, 3514, 3879, 3883, 3891, 4017, 4320])
(madness,%&%[1969, 2182, 2735])
(maid%&%[4520, 4532])
(majesties%&%[1917, 2760])
(majesty,%&%[3316])
(make),%&%[2075])
(make]%&%[3970])
(malefactions;%&%[2519])
(mallecho;]%&%[4095])
(man!%&%[2237])
(mane%&%[4121])
(manner%&%[997, 1687])
(many%&%[912, 2583, 2921, 3061, 3232, 4089, 4261, 4679, 5014])
(marble%&%[1027])
(march%&%[577])
(mark,%&%[1999])
(marriage;%&%[1239, 5004])
(marriages:%&%[2981])
(masterly%&%[4819])
(material%&%[2695])
(matter%&%[2176, 3026, 3598, 3883, 4281, 5210, 5474])
(matter,%&%[1975, 2172, 5552])
(may,%&%[1587, 5456])
(me),%&%[2050])
(me,100%&%[3437])
(me.]%&%[4169])
(me:1%&%[8])
(me:]%&%[1509, 1735])
(me;%&%[1212, 1850, 2245, 2965, 3457, 3839, 4990, 5560, 5814])
(me?%&%[1126, 2040, 2241, 3600, 3617, 3677, 4791, 4804])
(mean,%&%[980, 1030, 1765, 2176, 5538, 5558])
(meaning.%&%[2617, 2627])
(meant%&%[1589, 2669, 5004])
(meat%&%[1737])
(meditated%&%[1783])
(meet%&%[33, 1458, 3545])
(meet.%&%[5130, 5166, 5178])
(meeting%&%[1793, 2187])
(mellifluous.%&%[4025])
(memory%&%[265, 881, 1312, 1316, 1601, 3194])
(memory,%&%[2321, 4998])
(memory—%&%[826])
(mere%&%[5439])
(merely.49%&%[438])
(metal%&%[3178])
(metaphorical%&%[3970])
(methinks%&%[1245, 5518])
(methinks.%&%[3306])
(method%&%[2182])
(methought%&%[610])
(me—at%&%[4003])
(middle%&%[571, 1649, 1649, 4081])
(might%&%[149, 364, 446, 683, 1531, 1627, 1867, 2044, 2050, 2060, 2561, 2565, 2613, 2613, 2885, 4039, 4091, 4179, 5149, 5149, 5267])
(might,%&%[5151])
(mimic%&%[4203])
(mind,—though%&%[995])
(minds.%&%[4451])
(mine%&%[153, 171, 503, 732, 1210, 1247, 1255, 1831, 1944, 2527, 3146, 3752, 5155, 5362, 5526, 5628, 5785])
(mine.%&%[5182])
(mine:%&%[4077])
(minister%&%[1761])
(minute.67%&%[766])
(minutes%&%[84, 1521])
(mischance%&%[3300])
(misery%&%[1737])
(moan:%&%[4719])
(mode%&%[2591, 5026])
(moment,21%&%[2908])
(moment,]%&%[1707, 3982])
(moments,%&%[1707])
(monsters%&%[2977])
(mood.%&%[4954])
(moon,%&%[1034, 4883])
(morbid%&%[1747])
(more,%&%[2297, 3407, 3765, 3913])
(moreover%&%[1737])
(moreover,%&%[2595])
(most%&%[18, 175, 387, 395, 857, 899, 1187, 1191, 1193, 1231, 1279, 1476, 1637, 1707, 2003, 2023, 2025, 2178, 2178, 2187, 2204, 2237, 2313, 2470, 2499, 2523, 2591, 2758, 2994, 2998, 3061, 3071, 3230, 3397, 3453, 4039, 4041, 4069, 4105, 4167, 4655, 4823, 5249, 5358, 5526, 5546, 5601, 5610])
(mother.%&%[3415, 3497, 3607, 4413, 4417, 5826])
(mother.17%&%[4602])
(mother:%&%[3407, 4417])
(motion]%&%[5046])
(mould%&%[2990, 4023])
(moult%&%[2237, 2629])
(mountain%&%[3730, 5368])
(mountain-snow,%&%[4497])
(mourn%&%[2083])
(mouth%&%[3061])
(mouth,%&%[3453, 5434])
(much,%&%[440, 3306])
(muddy-mettled%&%[2464])
(multiplied%&%[5020])
(murder.%&%[1187])
(music.103%&%[3453])
(music:%&%[3879])
(musick!%&%[3371])
(must,%&%[3065, 4312])
(musty.]%&%[4157])
(myself;%&%[5489])
(mysteries%&%[4041])
(naked%&%[4776])
(name%&%[456, 483, 1629, 1799, 2699, 2912, 3987, 3989])
(natural,%&%[2253])
(nature's%&%[3065])
(nature.%&%[1587, 1721])
(nature:%&%[3065])
(nearer%&%[1587, 2317])
(nearly%&%[1733, 2567])
(neck%&%[4121])
(needless%&%[1689])
(neglected%&%[3020, 3036])
(neighbour,%&%[4151])
(neither%&%[3065, 4037])
(neither.%&%[5194])
(nephew%&%[3320])
(nerve.98%&%[1109])
(neutral%&%[3999])
(news%&%[290, 2210, 2277, 2279])
(night!%&%[3277, 3913])
(nighted%&%[333])
(nill%&%[5084])
(nipping%&%[965])
(no,%&%[2468, 3312, 4707, 5792])
(noblest%&%[2673])
(noise?%&%[4905])
(north-north%&%[2263])
(northerly.%&%[5514])
(nose%&%[4143, 4384])
(not%&%[78, 90, 141, 145, 149, 156, 337, 352, 354, 399, 401, 425, 440, 440, 446, 456, 501, 515, 542, 587, 605, 649, 736, 764, 764, 791, 809, 836, 851, 851, 869, 905, 922, 928, 1019, 1058, 1063, 1070, 1097, 1101, 1179, 1208, 1283, 1289, 1308, 1491, 1531, 1531, 1551, 1589, 1625, 1627, 1627, 1629, 1635, 1635, 1667, 1667, 1673, 1673, 1689, 1703, 1707, 1707, 1765, 1773, 1787, 1787, 1814, 1906, 1946, 2023, 2066, 2123, 2164, 2168, 2178, 2187, 2210, 2214, 2218, 2233, 2237, 2241, 2243, 2245, 2253, 2269, 2305, 2321, 2321, 2323, 2395, 2429, 2468, 2553, 2641, 2645, 2663, 2671, 2677, 2701, 2701, 2846, 2900, 2932, 2965, 2969, 2977, 3010, 3014, 3055, 3061, 3065, 3065, 3065, 3065, 3087, 3115, 3119, 3138, 3160, 3194, 3393, 3401, 3441, 3455, 3499, 3499, 3503, 3603, 3607, 3611, 3613, 3617, 3671, 3756, 3770, 3798, 3806, 3839, 3879, 3889, 3891, 3907, 3953, 3995, 4029, 4035, 4051, 4071, 4071, 4077, 4077, 4089, 4121, 4153, 4195, 4223, 4223, 4223, 4223, 4239, 4251, 4345, 4349, 4384, 4384, 4429, 4445, 4509, 4554, 4608, 4626, 4630, 4643, 4685, 4703, 4705, 4809, 4861, 4962, 4962, 4984, 4990, 4990, 5008, 5032, 5064, 5084, 5084, 5084, 5090, 5096, 5116, 5170, 5170, 5182, 5182, 5184, 5214, 5230, 5249, 5263, 5267, 5267, 5351, 5389, 5393, 5534, 5536, 5554, 5572, 5572, 5578, 5616, 5648, 5744, 5808, 5835])
(not.%&%[812, 1428, 2251, 2309, 2421, 2965, 3911, 4768, 5240])
(not:%&%[974, 1531, 3316, 3640])
(now!%&%[3624, 4193, 4357, 4757])
(numbers;15%&%[2023])
(nunnery.%&%[2969])
(nunnery:%&%[2969])
(o'er,%&%[4833])
(o'er-raught%&%[2747])
(o'erstep%&%[3065])
(oaths:%&%[3690])
(obey%&%[403, 2593, 2798, 5578])
(obscure%&%[4742])
(obsequious%&%[381, 1601])
(observations.%&%[4183])
(observers,%&%[2992])
(observes,%&%[4079])
(obsolete.%&%[2557])
(obstinate%&%[383])
(obstruct—to%&%[1735])
(occasion%&%[1615, 2565, 2565, 3959, 4776, 5004])
(odd%&%[1456, 5560])
(odds.65%&%[5572])
(of%&%[35, 68, 78, 80, 84, 98, 100, 104, 122, 126, 147, 171, 175, 189, 193, 211, 215, 223, 232, 236, 246, 263, 269, 275, 279, 292, 356, 360, 368, 391, 393, 409, 432, 446, 452, 505, 560, 571, 585, 595, 629, 758, 762, 766, 774, 783, 785, 785, 797, 807, 820, 834, 843, 855, 863, 883, 895, 899, 903, 912, 940, 970, 978, 984, 988, 1005, 1007, 1034, 1036, 1040, 1082, 1117, 1160, 1165, 1181, 1197, 1212, 1214, 1227, 1231, 1235, 1243, 1253, 1255, 1259, 1263, 1269, 1269, 1271, 1283, 1316, 1322, 1363, 1436, 1450, 1466, 1474, 1497, 1515, 1519, 1521, 1529, 1529, 1541, 1543, 1549, 1551, 1551, 1551, 1559, 1559, 1563, 1563, 1565, 1575, 1575, 1585, 1587, 1589, 1589, 1595, 1601, 1605, 1613, 1621, 1621, 1625, 1625, 1625, 1625, 1649, 1649, 1651, 1651, 1657, 1663, 1665, 1667, 1671, 1675, 1689, 1703, 1715, 1721, 1723, 1727, 1729, 1733, 1733, 1733, 1737, 1737, 1741, 1745, 1747, 1751, 1757, 1765, 1773, 1773, 1773, 1777, 1779, 1783, 1799, 1823, 1827, 1831, 1852, 1854, 1890, 1904, 1919, 1936, 1944, 1946, 1950, 1952, 1963, 1987, 1989, 2040, 2042, 2064, 2073, 2156, 2178, 2178, 2182, 2187, 2187, 2210, 2218, 2222, 2222, 2222, 2227, 2237, 2237, 2237, 2237, 2237, 2237, 2237, 2245, 2247, 2253, 2255, 2269, 2273, 2289, 2291, 2313, 2317, 2317, 2321, 2321, 2346, 2388, 2397, 2397, 2409, 2411, 2417, 2431, 2460, 2466, 2501, 2515, 2525, 2537, 2545, 2553, 2553, 2553, 2553, 2557, 2557, 2565, 2567, 2569, 2569, 2577, 2577, 2579, 2583, 2585, 2587, 2587, 2591, 2599, 2607, 2607, 2611, 2611, 2613, 2613, 2615, 2619, 2621, 2621, 2621, 2623, 2627, 2627, 2629, 2633, 2637, 2637, 2639, 2641, 2645, 2645, 2645, 2655, 2657, 2657, 2657, 2659, 2659, 2659, 2659, 2661, 2661, 2661, 2661, 2663, 2663, 2663, 2663, 2667, 2671, 2671, 2671, 2673, 2673, 2677, 2677, 2681, 2685, 2695, 2695, 2695, 2701, 2701, 2705, 2725, 2747, 2749, 2751, 2789, 2793, 2825, 2851, 2853, 2867, 2873, 2875, 2879, 2881, 2883, 2892, 2902, 2904, 2906, 2908, 2912, 2925, 2938, 2961, 2961, 2965, 2969, 2969, 2969, 2977, 2981, 2987, 2990, 2990, 2992, 2994, 2996, 3000, 3020, 3030, 3034, 3061, 3061, 3061, 3061, 3065, 3065, 3065, 3065, 3065, 3065, 3065, 3065, 3071, 3071, 3071, 3097, 3101, 3103, 3121, 3123, 3127, 3129, 3133, 3150, 3158, 3170, 3194, 3200, 3216, 3236, 3316, 3316, 3316, 3334, 3344, 3367, 3383, 3397, 3401, 3401, 3411, 3423, 3423, 3427, 3437, 3451, 3455, 3457, 3457, 3457, 3465, 3477, 3489, 3501, 3549, 3615, 3659, 3663, 3669, 3682, 3686, 3692, 3696, 3706, 3710, 3722, 3761, 3772, 3774, 3802, 3831, 3869, 3885, 3903, 3917, 3955, 3955, 3955, 3957, 3957, 3964, 3964, 3966, 3966, 3966, 3970, 3972, 3978, 3978, 3980, 3980, 3982, 3987, 3989, 3995, 3995, 4001, 4001, 4007, 4007, 4007, 4007, 4011, 4011, 4017, 4019, 4021, 4023, 4035, 4035, 4035, 4037, 4037, 4039, 4039, 4041, 4043, 4043, 4043, 4047, 4047, 4047, 4051, 4055, 4055, 4063, 4065, 4067, 4067, 4069, 4069, 4075, 4075, 4077, 4081, 4081, 4081, 4083, 4087, 4087, 4089, 4091, 4091, 4091, 4091, 4093, 4093, 4097, 4101, 4101, 4113, 4117, 4117, 4121, 4121, 4121, 4123, 4127, 4137, 4139, 4143, 4143, 4149, 4153, 4153, 4153, 4155, 4155, 4157, 4159, 4161, 4161, 4165, 4165, 4169, 4171, 4171, 4181, 4183, 4183, 4189, 4193, 4199, 4199, 4201, 4201, 4207, 4215, 4229, 4231, 4231, 4231, 4241, 4241, 4241, 4241, 4247, 4249, 4251, 4261, 4271, 4347, 4380, 4435, 4459, 4513, 4540, 4548, 4596, 4614, 4652, 4667, 4695, 4723, 4742, 4776, 4815, 4827, 4835, 4838, 4842, 4866, 4875, 4891, 4942, 4966, 4968, 4970, 4970, 4970, 4976, 4984, 4988, 4994, 4998, 4998, 5002, 5002, 5004, 5004, 5004, 5004, 5006, 5006, 5008, 5012, 5018, 5018, 5026, 5030, 5038, 5038, 5038, 5050, 5052, 5052, 5064, 5084, 5090, 5116, 5132, 5134, 5136, 5149, 5164, 5170, 5170, 5170, 5176, 5180, 5234, 5242, 5249, 5249, 5249, 5263, 5267, 5267, 5285, 5291, 5293, 5300, 5324, 5368, 5376, 5412, 5428, 5430, 5478, 5491, 5493, 5510, 5526, 5526, 5526, 5526, 5526, 5528, 5534, 5544, 5546, 5546, 5558, 5560, 5576, 5580, 5587, 5658, 5762, 5841])
(of't;%&%[2981])
(of.%&%[1573, 2187])
(of.—Malone.%&%[5004])
(of:%&%[1892])
(off%&%[978, 1099, 1271, 1773, 2476, 2869, 3630, 3655, 3684, 4199, 5360, 5397, 5632, 5719, 5796])
(off.%&%[2233, 4980, 5894])
(offence.3%&%[4353])
(offences%&%[2969, 4003])
(offended.%&%[130, 3587, 3589])
(offender%&%[4956])
(offer'd%&%[5614])
(old%&%[458, 1617, 2178, 2178, 2194, 2271, 2305, 2317, 2579, 2583, 2659, 2661, 2965, 4001, 4039, 4041, 4219, 4231, 4297, 4673, 4970, 4994, 5012, 5370])
(on%&%[4, 273, 329, 335, 450, 569, 772, 824, 901, 1175, 1206, 1277, 1440, 1478, 1495, 1509, 1603, 1677, 1693, 1693, 1733, 1741, 1747, 1761, 1848, 1898, 2046, 2168, 2243, 2287, 2301, 2368, 2637, 2645, 2655, 2721, 2721, 2727, 2737, 2747, 2770, 2821, 3016, 3061, 3071, 3202, 3222, 3295, 3457, 3703, 3708, 3716, 3730, 3732, 3810, 3821, 3835, 3867, 3943, 4005, 4035, 4083, 4093, 4097, 4127, 4161, 4165, 4217, 4345, 4677, 4679, 4695, 4721, 4776, 4851, 4853, 4893, 4924, 4966, 4970, 5004, 5024, 5044, 5074, 5242, 5242, 5249, 5249, 5310, 5356, 5430, 5441, 5520, 5524, 5587, 5725, 5814, 5837, 5864, 5892, 5892])
(on't?%&%[3030, 5090])
(on,—%&%[1460])
(on.%&%[3497, 4075, 5764])
(on:%&%[454])
(one]%&%[4047])
(open'd,%&%[1902])
(operant%&%[3246, 4103])
(or%&%[193, 238, 238, 458, 664, 952, 1007, 1009, 1011, 1197, 1456, 1464, 1515, 1523, 1525, 1543, 1551, 1577, 1599, 1613, 1619, 1637, 1637, 1637, 1649, 1651, 1667, 1673, 1745, 1765, 2054, 2222, 2245, 2289, 2315, 2417, 2446, 2565, 2599, 2599, 2629, 2639, 2641, 2651, 2667, 2671, 2677, 2689, 2693, 2695, 2793, 2846, 2969, 3048, 3065, 3216, 3407, 3943, 3953, 3953, 3957, 3957, 3980, 3995, 4039, 4039, 4045, 4055, 4063, 4063, 4095, 4095, 4159, 4163, 4167, 4167, 4169, 4169, 4169, 4183, 4191, 4199, 4203, 4223, 4231, 4239, 4243, 4249, 4962, 4962, 4980, 4980, 4980, 4996, 5016, 5048, 5054, 5054, 5092, 5100, 5106, 5200, 5230, 5370, 5526, 5546, 5662, 5845])
(oraison—French.%&%[3993])
(orb%&%[2354])
(orbèd%&%[3226, 4101])
(organ.%&%[2523])
(others,%&%[4261])
(own!%&%[1585])
(pace%&%[5116])
(pagan,%&%[3065])
(palmy17%&%[175])
(palpable%&%[5706])
(paradox,%&%[2961])
(parish.%&%[4093])
(part%&%[104, 1657, 2189, 2245, 2639, 2673, 3170, 3615, 3770, 3903, 5054, 5526])
(part:%&%[1386])
(partial,%&%[3547])
(partners%&%[1515])
(pass,%&%[2313, 5038])
(passing%&%[2299, 2307])
(passion.%&%[4035])
(passionate%&%[2317])
(pastorical-comical,%&%[2289])
(patches.]%&%[4241])
(patience.134%&%[3833])
(patient%&%[2883, 5443])
(pause:]%&%[3959])
(pauses%&%[1773])
(peace;40%&%[2245])
(perceived%&%[2048])
(perfect%&%[1531, 4023, 4067, 4251])
(perfection.%&%[2633])
(perform%&%[4103])
(perhaps%&%[2535, 3391])
(perhaps,%&%[1589, 1625, 5576])
(permission.%&%[1575])
(person%&%[1773, 4179, 5558])
(person:%&%[4608])
(persuade%&%[4683])
(petition;%&%[313])
(phenomena%&%[2553])
(philosophy%&%[2253])
(philosophy.%&%[1450])
(phlegm,%&%[4067])
(phrase%&%[2611, 4151, 5376, 5552])
(phrase.%&%[1675])
(phrase:%&%[1587, 2005, 2681])
(pickers%&%[3419, 4151])
(picking%&%[4151])
(pilferer%&%[4239])
(pinched.%&%[4121])
(pit%&%[4037, 5164, 5176])
(place%&%[1440, 1478, 1777, 4384])
(place,%&%[2031, 3893, 4261])
(placed%&%[1589, 1733])
(platform%&%[603])
(platform,%&%[725])
(play'd%&%[2054])
(play;%&%[3357])
(play?%&%[3200, 3304, 3314])
(player%&%[2429, 2669])
(plays%&%[2245, 4039, 4081])
(please;%&%[3036])
(pleasing%&%[2535])
(pledge%&%[2629])
(pledge.%&%[988])
(plentiful%&%[2178])
(pockets%&%[2585])
(poem%&%[2289])
(poetry%&%[4097])
(poets.%&%[1625])
(political%&%[1539])
(poll:%&%[4715])
(ponderous%&%[1027])
(popular,%&%[4956])
(porcupine:103%&%[1177])
(portal!%&%[3865])
(position,%&%[4157])
(possible,%&%[4671])
(potently%&%[2178])
(practice,44%&%[4866])
(precautions%&%[1719])
(pregnant%&%[2187, 2617, 3097])
(prepared%&%[4899])
(present,%&%[1773, 2611])
(presentment121%&%[3706])
(pressure.48%&%[3065])
(prevalent%&%[4976])
(prick%&%[1296])
(primrose%&%[807])
(primy%&%[762])
(print.%&%[4043])
(prithee,%&%[5391])
(probably,%&%[1589])
(proceedings.%&%[1751])
(process;]%&%[4181])
(profound%&%[4281])
(prologue,%&%[3216])
(promise-crammed:%&%[3158])
(pronounced%&%[3061])
(property%&%[2470, 5054, 5134])
(proportioned%&%[2671])
(proposer]%&%[2623])
(prosperously%&%[2187])
(protection%&%[1783])
(prov'd,7%&%[2829])
(providence%&%[5580])
(provincial%&%[4095])
(purposes.%&%[4411])
(purse%&%[849])
(pursuing%&%[4241])
(put%&%[901, 1460, 1693, 1888, 2579, 2969, 3391, 3393, 3523, 3778, 3953, 4005, 4005, 4075, 4237, 4345, 4851, 4980, 4980, 5096, 5474, 5524])
(puzzles%&%[2896])
(quake%&%[3497])
(quantity,%&%[1625])
(queen?%&%[5787])
(question56%&%[3071])
(questionless,%&%[1551])
(quick:73%&%[2529])
(quit71%&%[5664])
(range.%&%[3514])
(rapier%&%[4823])
(rapier,%&%[4293])
(rat,%&%[4293])
(rat?]%&%[4193])
(re-word;%&%[3883])
(read.]%&%[1673])
(ready%&%[4003, 4063])
(ready,%&%[4398])
(rebels,%&%[795])
(receive%&%[1912, 2071, 2243, 2929, 4273, 4273, 5510, 5614])
(recommendation%&%[4155])
(refers.%&%[1635])
(reflection.%&%[3959])
(region;%&%[2358])
(reined.%&%[1569])
(release%&%[1551])
(relief%&%[22])
(religion%&%[3694])
(relish%&%[2965, 4001])
(remains%&%[1985, 3931])
(remains,%&%[1993])
(remarks,%&%[1587, 1615])
(remember%&%[877, 1302])
(remember,%&%[2321])
(remembrance%&%[275, 4693])
(remembrance.%&%[1914])
(remembrance;]%&%[4998])
(remind%&%[5004])
(remorse%&%[2366])
(repair%&%[5578])
(replies]%&%[2617])
(reply;%&%[405])
(representation%&%[4117])
(representation,%&%[4087])
(represented%&%[4039, 4041])
(reputation%&%[2249])
(requite%&%[723])
(resentment%&%[2565])
(resort,%&%[2069])
(retain%&%[1689])
(return'd%&%[4849])
(returneth%&%[5267])
(returns%&%[5259])
(reveal%&%[1356])
(right!%&%[1499])
(rise,%&%[740])
(rites?30%&%[5281])
(rivals%&%[35, 1515])
(robustious%&%[3061])
(rose%&%[2987, 3684, 4019, 4199, 4667])
(roundly,%&%[2605])
(rouse,]%&%[1713])
(royal%&%[1283, 4155, 4964])
(rul'd;%&%[1101])
(rule;%&%[3774])
(rules%&%[2659])
(sadly%&%[2132])
(said,%&%[2092, 2241, 3543, 3543, 4241])
(salted,%&%[2677])
(satyr,%&%[1625])
(say%&%[501, 638, 1363, 2224, 2237, 2245, 2271, 2273, 2468, 2641, 2857, 3479, 4509, 4513, 4695, 4936, 5104, 5184, 5729])
(say,—%&%[3407])
(say.%&%[5218])
(say?67%&%[3162])
(saying.%&%[4119])
(scapes%&%[791])
(scent%&%[1245])
(scholars,%&%[1412])
(scold,%&%[2505])
(sconce%&%[3572])
(sconce22%&%[5170])
(scope]%&%[1537])
(scratch'd%&%[4885])
(screen'd%&%[3569])
(sea%&%[238, 1675, 2853, 3955, 3955, 4287])
(sea.%&%[1731, 3955])
(seal,%&%[3720])
(secrets%&%[1165, 3978])
(see%&%[477, 493, 513, 517, 529, 1880, 2269, 2397, 2762, 2998, 3004, 3316, 3324, 3344, 3433, 3465, 3615, 3754, 3850, 4127, 4171, 4413, 4727, 4776, 5491, 5652, 5790])
(see:%&%[2317, 4384])
(seeks%&%[5072])
(seeming.]%&%[4075])
(seems.%&%[352])
(seen%&%[74, 80, 250, 527, 696, 1421, 1765, 2046, 2376, 2531, 3004, 3065, 4125, 5214, 5648])
(seen.%&%[1436])
(sense.18%&%[5136])
(senses,%&%[3957])
(sepulture.%&%[1719])
(sequel%&%[3411])
(serpent%&%[1212, 1218])
(servant,%&%[1629])
(serve%&%[1787])
(set]%&%[4962])
(sewing%&%[1801])
(sexton%&%[5226])
(shadows%&%[4261])
(shaking%&%[1831])
(shame!%&%[818, 3742])
(shameful%&%[1229])
(sheet:20%&%[5162])
(shipped%&%[5143])
(shirt;%&%[1805])
(shocks%&%[2859])
(shoe.%&%[4970])
(showers.%&%[4503])
(showing:53%&%[5526])
(shroud%&%[4497])
(shrunk%&%[618])
(side%&%[2637])
(side.%&%[4161, 5646])
(sigh%&%[1835, 2245])
(sight.%&%[620])
(sight;]%&%[2603])
(signify%&%[1677, 2611, 2677, 3391, 4127, 5520])
(similar%&%[1737, 2579, 2593, 4143, 4157])
(since?%&%[5204])
(sincere,%&%[4017])
(sinews,%&%[1308])
(sing%&%[4123, 4994, 5149, 5326])
(sinners?%&%[2969])
(sins%&%[2916])
(sir;%&%[2156, 5186, 5198, 5450, 5564])
(sir?%&%[3387])
(sirs.%&%[2405])
(sister;%&%[780])
(skill.%&%[2679, 3455])
(skyish%&%[5370])
(slave%&%[2427, 3770])
(slave,%&%[3119])
(sleep%&%[2867])
(sleep,%&%[2855, 2857])
(sleeping,%&%[1267])
(sluggishness,%&%[1747])
(smack%&%[4001])
(small%&%[3972])
(smelt%&%[5257])
(smiling%&%[411, 1611, 2237])
(smoothness.%&%[3061])
(snare.%&%[4163])
(so;%&%[501, 1829, 4740, 5572])
(so?%&%[768, 5257, 5562, 5764])
(soft!%&%[1245, 5277, 5277])
(solicitings,]%&%[2597])
(solid%&%[421])
(solve%&%[2553])
(song,%&%[4994])
(songs?%&%[5249])
(sore%&%[5234])
(sorrow25%&%[273])
(sorrow:]%&%[1601])
(sorrow]%&%[1569])
(soul%&%[834, 944, 1289, 1963, 2433, 2695, 3501, 4735])
(soul.%&%[3812])
(soul:%&%[740])
(soul;120%&%[3694])
(soul;]%&%[1739, 4201])
(sound%&%[618, 3117, 3457])
(sound,%&%[193])
(spade.%&%[5092])
(spawn%&%[2677])
(speak;%&%[1063, 3267])
(speaks%&%[2321, 4143])
(speaks:%&%[3891])
(special%&%[3065, 5580])
(speech;%&%[2454])
(speed%&%[3018, 4421])
(spheres;%&%[1171])
(spirit%&%[736, 976, 1007, 1551, 2531, 4011, 4045])
(spirit22%&%[240])
(spirits),%&%[2539])
(springe,76%&%[5783])
(sprung%&%[4101])
(stage.]%&%[2166])
(staid%&%[822, 1829])
(stalk%&%[166])
(stands%&%[3512, 5084])
(started%&%[227, 1555])
(state.%&%[774, 2739])
(stay,%&%[4905])
(stealers.95%&%[3419])
(stealing%&%[5139])
(stealing.%&%[4151])
(stealth.%&%[4095])
(steed%&%[4157])
(steel,%&%[1032])
(steep%&%[803])
(steps,%&%[5139])
(steril%&%[2237])
(stiffly%&%[1310])
(stithy%&%[4073])
(stole%&%[4687])
(stole,%&%[1251, 3776, 4235])
(stone.%&%[4486])
(stood%&%[179, 3569])
(stooping%&%[3210])
(stops.%&%[3453])
(strange;%&%[2253, 2645])
(stretch%&%[2575])
(strew%&%[4449])
(strict%&%[5849])
(strife,%&%[3279])
(strikes%&%[2344])
(strokes:%&%[791])
(strong,%&%[2553])
(strutted%&%[3065])
(stuck,50%&%[4903])
(stuck,]%&%[5050])
(subjects.%&%[4986])
(submitted%&%[3964])
(succession%&%[3427, 4155, 4157])
(succession.%&%[4155])
(successive%&%[5672])
(such%&%[918, 1013, 1259, 1462, 1472, 1687, 1773, 1827, 1912, 2090, 2119, 2239, 2247, 2539, 2659, 2695, 2825, 2969, 2969, 3061, 3407, 3495, 3690, 3754, 4051, 4055, 4179, 4251, 4610, 4782, 4819, 5166, 5178, 5281, 5326, 5376, 5576])
(such.%&%[5145])
(suit,%&%[1577])
(suiting%&%[2439, 2695])
(sultry%&%[5518])
(sum.—What%&%[5414])
(summit%&%[1082])
(sun.32%&%[331])
(sun.]%&%[1589])
(sung%&%[2663])
(supposed%&%[1559, 1615, 1649, 1729, 1757, 4039, 4095, 4123, 4243, 4998, 5002])
(suppress%&%[1647])
(sustain,%&%[776])
(swift%&%[1195, 1261])
(swoons%&%[5790])
(sword."%&%[2685])
(sword.%&%[1438, 4873])
(sycophancy.%&%[4063])
(ta'en%&%[926, 3111])
(tables.%&%[523])
(take%&%[78, 393, 540, 873, 1657, 2187, 2189, 2247, 2484, 2613, 2659, 2853, 3363, 3955, 5385, 5391, 5546, 5591])
(taken%&%[4151])
(talk'd%&%[1904])
(tame,%&%[3395, 3736])
(taste%&%[2317])
(tax%&%[3541])
(tears:%&%[4932])
(teeming%&%[2701])
(tenable64%&%[716])
(tenants.%&%[5102])
(tenders,%&%[920])
(tent%&%[2529, 2711])
(terms%&%[4001])
(terms,%&%[948])
(thankless%&%[5002, 5002])
(thanks%&%[1912])
(thanks.%&%[288])
(thanks:%&%[22, 3111])
(that%&%[104, 122, 124, 232, 265, 303, 329, 341, 364, 366, 413, 421, 425, 442, 483, 503, 527, 843, 903, 1117, 1163, 1195, 1218, 1224, 1224, 1235, 1294, 1386, 1406, 1436, 1585, 1587, 1587, 1587, 1587, 1589, 1615, 1615, 1615, 1625, 1629, 1647, 1649, 1687, 1741, 1747, 1773, 1880, 1888, 1948, 1952, 1973, 2023, 2097, 2176, 2178, 2178, 2178, 2187, 2187, 2189, 2208, 2214, 2237, 2245, 2253, 2269, 2307, 2309, 2384, 2421, 2429, 2517, 2531, 2553, 2613, 2613, 2627, 2653, 2653, 2663, 2669, 2671, 2673, 2695, 2745, 2838, 2846, 2867, 2892, 2900, 2969, 2973, 2981, 2998, 3010, 3061, 3065, 3065, 3065, 3065, 3069, 3071, 3071, 3071, 3107, 3109, 3117, 3131, 3140, 3316, 3411, 3427, 3545, 3569, 3609, 3675, 3698, 3770, 3852, 3889, 3953, 3955, 3957, 3957, 3964, 3972, 4001, 4017, 4017, 4017, 4017, 4039, 4051, 4051, 4063, 4067, 4091, 4101, 4165, 4165, 4179, 4223, 4239, 4243, 4251, 4251, 4251, 4343, 4413, 4433, 4532, 4687, 4877, 4881, 4897, 4899, 4942, 4944, 4966, 4970, 4976, 4988, 4996, 5002, 5004, 5006, 5022, 5054, 5064, 5072, 5076, 5084, 5092, 5096, 5100, 5102, 5104, 5116, 5149, 5149, 5170, 5198, 5202, 5202, 5204, 5206, 5206, 5234, 5249, 5249, 5267, 5273, 5304, 5356, 5445, 5452, 5520, 5554, 5658, 5672, 5843])
(that.%&%[1683, 3441, 5247, 5249])
(that:%&%[5206])
(thee?%&%[350, 3093])
(thee—Hamlet,%&%[1015])
(them:54%&%[3071])
(them;%&%[2271, 4017, 5771])
(them?%&%[920, 4766])
(then,%&%[616, 2227, 2241, 2273, 2311, 2313, 2627, 3194, 3609, 5480, 5768])
(then.73%&%[3194])
(there!%&%[1233, 3859])
(these%&%[372, 560, 567, 826, 926, 1773, 1938, 2023, 2289, 2523, 2587, 2589, 2589, 2659, 2661, 2747, 2770, 2942, 3160, 3190, 3419, 3453, 3453, 3455, 3995, 4077, 4151, 4151, 4167, 4167, 4281, 4281, 4936, 5020, 5058, 5062, 5155])
(these,%&%[2007])
(they?%&%[2245])
(thing?%&%[4782])
(things%&%[436, 1448, 1745, 2940, 5020])
(things.%&%[1529, 1705])
(think?%&%[2060])
(third%&%[591, 5664])
(third,%&%[5758])
(this!%&%[438, 3644])
(this:]%&%[2715])
(thou!%&%[2291])
(thou'lt%&%[5418, 5434])
(though,%&%[3071])
(thought%&%[168, 1535, 3065, 4017, 5349])
(thought,"%&%[4005])
(threaten%&%[3712])
(thrice%&%[579, 1833, 3336, 3336])
(thrift%&%[3099])
(thriving,%&%[4063])
(through%&%[343, 1261, 4546])
(throws%&%[5153])
(thyself——13%&%[5096])
(time,%&%[593, 1647, 1715, 1733, 1959, 2031, 2585, 2587, 3071, 3877, 4035, 4055, 4179, 5004, 5128])
(time,13%&%[2875])
(tinct.128%&%[3756])
(tinct.]%&%[4223])
(tint%&%[4199])
(to%&%[4, 20, 22, 40, 43, 68, 84, 88, 104, 120, 132, 158, 168, 173, 189, 189, 195, 197, 199, 199, 201, 203, 225, 254, 254, 284, 297, 297, 299, 307, 317, 343, 372, 381, 387, 389, 395, 401, 411, 415, 432, 436, 438, 442, 444, 444, 466, 474, 477, 489, 493, 511, 513, 517, 544, 562, 585, 587, 587, 601, 605, 614, 644, 646, 710, 712, 730, 732, 742, 789, 795, 799, 803, 834, 840, 869, 875, 879, 881, 889, 897, 914, 938, 942, 952, 976, 993, 995, 997, 1015, 1038, 1046, 1056, 1072, 1082, 1136, 1148, 1150, 1156, 1158, 1173, 1175, 1195, 1199, 1229, 1239, 1239, 1275, 1292, 1294, 1298, 1300, 1408, 1436, 1470, 1472, 1484, 1488, 1488, 1493, 1499, 1509, 1517, 1517, 1521, 1523, 1535, 1535, 1535, 1539, 1559, 1575, 1587, 1587, 1589, 1589, 1603, 1607, 1611, 1615, 1615, 1615, 1617, 1625, 1625, 1635, 1637, 1647, 1647, 1649, 1657, 1665, 1671, 1677, 1677, 1689, 1691, 1691, 1707, 1715, 1729, 1735, 1737, 1741, 1747, 1757, 1761, 1761, 1771, 1771, 1773, 1777, 1783, 1787, 1787, 1823, 1827, 1837, 1844, 1848, 1860, 1865, 1869, 1869, 1880, 1882, 1898, 1898, 1900, 1910, 1923, 1934, 1948, 1952, 1954, 1961, 1969, 1971, 2009, 2019, 2023, 2025, 2033, 2060, 2075, 2079, 2101, 2119, 2156, 2156, 2168, 2168, 2178, 2196, 2206, 2218, 2218, 2237, 2237, 2237, 2237, 2237, 2243, 2247, 2259, 2271, 2273, 2277, 2279, 2313, 2315, 2317, 2317, 2321, 2321, 2340, 2342, 2374, 2374, 2399, 2403, 2411, 2411, 2433, 2442, 2446, 2446, 2480, 2503, 2517, 2529, 2541, 2563, 2563, 2565, 2565, 2567, 2571, 2579, 2579, 2579, 2583, 2593, 2593, 2605, 2611, 2611, 2611, 2611, 2613, 2613, 2613, 2613, 2615, 2629, 2631, 2637, 2637, 2637, 2651, 2653, 2655, 2663, 2663, 2665, 2669, 2669, 2671, 2673, 2673, 2673, 2677, 2677, 2695, 2695, 2699, 2699, 2705, 2705, 2709, 2711, 2733, 2737, 2755, 2760, 2770, 2810, 2827, 2846, 2849, 2853, 2857, 2863, 2865, 2900, 2927, 2942, 2957, 2961, 2969, 2969, 2969, 2969, 2969, 2977, 2981, 3018, 3061, 3061, 3061, 3061, 3061, 3061, 3065, 3065, 3065, 3065, 3065, 3065, 3067, 3071, 3071, 3071, 3146, 3170, 3176, 3182, 3210, 3246, 3265, 3275, 3320, 3391, 3391, 3391, 3391, 3397, 3401, 3407, 3409, 3413, 3413, 3423, 3435, 3435, 3437, 3455, 3457, 3457, 3457, 3459, 3477, 3477, 3493, 3497, 3497, 3505, 3518, 3520, 3537, 3551, 3553, 3565, 3567, 3609, 3712, 3720, 3730, 3740, 3759, 3763, 3798, 3808, 3814, 3829, 3837, 3843, 3861, 3881, 3889, 3897, 3899, 3907, 3915, 3919, 3929, 3947, 3947, 3953, 3953, 3953, 3955, 3966, 3978, 3995, 3995, 3995, 3995, 3995, 3997, 4003, 4005, 4007, 4011, 4011, 4013, 4017, 4017, 4017, 4037, 4039, 4039, 4043, 4051, 4051, 4055, 4055, 4063, 4067, 4077, 4081, 4087, 4093, 4093, 4095, 4095, 4095, 4103, 4103, 4123, 4125, 4127, 4127, 4127, 4127, 4143, 4143, 4151, 4151, 4153, 4153, 4155, 4155, 4157, 4157, 4161, 4161, 4171, 4171, 4171, 4185, 4215, 4217, 4223, 4225, 4239, 4243, 4243, 4243, 4243, 4243, 4243, 4243, 4249, 4251, 4253, 4269, 4273, 4273, 4328, 4337, 4366, 4384, 4433, 4501, 4507, 4536, 4540, 4571, 4598, 4612, 4634, 4657, 4659, 4695, 4695, 4699, 4699, 4709, 4733, 4733, 4748, 4748, 4764, 4764, 4776, 4797, 4809, 4833, 4840, 4897, 4926, 4962, 4966, 4966, 4966, 4976, 4980, 4980, 4980, 4982, 4988, 4988, 4996, 4998, 4998, 4998, 5002, 5002, 5004, 5004, 5004, 5006, 5006, 5008, 5008, 5020, 5022, 5022, 5036, 5072, 5080, 5080, 5080, 5084, 5084, 5092, 5096, 5096, 5104, 5104, 5104, 5116, 5149, 5155, 5155, 5164, 5170, 5170, 5176, 5184, 5186, 5196, 5249, 5249, 5249, 5249, 5259, 5259, 5265, 5265, 5267, 5267, 5267, 5269, 5271, 5275, 5326, 5328, 5343, 5349, 5422, 5474, 5489, 5500, 5506, 5508, 5510, 5520, 5524, 5526, 5526, 5536, 5536, 5546, 5546, 5552, 5554, 5566, 5593, 5664, 5668, 5680, 5682, 5684, 5684, 5686, 5715, 5717, 5737, 5777, 5783, 5790, 5816, 5818, 5822, 5845])
(to-day,45%&%[413])
(to-day,]%&%[1615])
(to.%&%[118, 936, 1753, 5098])
(to:%&%[2861])
(toil?101%&%[3437])
(told%&%[292, 895, 2050, 2669, 2747, 3129])
(tongue!%&%[470])
(tongues,%&%[4571])
(too;%&%[2777, 3071, 3244])
(took%&%[1821, 2073, 2607, 2607, 3661])
(touch%&%[3451, 4885])
(touch,%&%[4308, 5733, 5733])
(touches%&%[3316])
(track,%&%[2619])
(transformation.%&%[1886])
(translate:1%&%[4283])
(translation%&%[2657])
(travel?42%&%[2249])
(traveller%&%[2896, 3978, 3978])
(treasure%&%[211, 1549, 2291, 2293])
(treats%&%[4017])
(tremble%&%[5843])
(tremble,%&%[143])
(trespass,%&%[3891])
(tribute:%&%[3020])
(trick%&%[5038])
(troubles,9%&%[2853])
(troubles,]%&%[3955])
(true!%&%[2836])
(trumpet%&%[232, 986, 5680, 5682])
(truster%&%[505])
(truth%&%[2019, 2105, 5090])
(try%&%[2110, 2130])
(turf,%&%[4484])
(tush!%&%[90])
(tutor;%&%[3065])
(twelve.%&%[970])
(unbrac'd;%&%[1803])
(uncle%&%[1251, 1773, 2253, 2645])
(uncle,%&%[462, 1783])
(understood.%&%[2663])
(undiscovered%&%[2894])
(union%&%[5670])
(unkennel]%&%[4071])
(unkind.%&%[2945])
(unlikely%&%[1589])
(unlimited:%&%[2289])
(unmask%&%[789])
(unprofitable%&%[429])
(unprofitable.%&%[1609])
(unremitted%&%[1605])
(unsanctified%&%[5306])
(unsatisfied.%&%[5855])
(unskilful%&%[3065])
(unstained,%&%[4984])
(untimely%&%[4339])
(unusual%&%[1625])
(unwrung.]%&%[4121])
(up%&%[612, 910, 1030, 1138, 1169, 1551, 1585, 1665, 1739, 1833, 1928, 2166, 2382, 2599, 3065, 3613, 4335, 4384, 4528, 4667, 4980, 5092, 5147, 5153, 5168, 5414])
(us'd%&%[1948])
(us,]%&%[2573])
(us]%&%[4175])
(use%&%[193, 1543, 1882, 1977, 1983, 2245, 2399, 3061, 3505, 3999, 4035, 4091, 4125, 5452])
(used,%&%[1735])
(usurp'st%&%[122])
(utterance%&%[3455])
(vacancy,%&%[3821])
(vailed%&%[337])
(valanced54%&%[2317])
(valanced]%&%[2667])
(vantage.111%&%[3549])
(vapour.%&%[2689])
(varnish%&%[4853])
(veiled,%&%[2691])
(vengeance!%&%[2496])
(ventages%&%[3453])
(verb%&%[4966])
(verity.%&%[1631])
(vex,%&%[4169])
(victims%&%[1729])
(villain%&%[1773, 1773])
(villain:%&%[3768])
(villainy!%&%[5798])
(violence,%&%[503])
(violent%&%[4039, 4041, 4897])
(violets,]%&%[5010])
(virgin%&%[5313])
(virtue%&%[1585, 2965, 3065, 3746, 4881])
(virtue,%&%[2613, 3684, 3911])
(visit%&%[727, 1934, 2212])
(visitation?%&%[2214])
(voice,18%&%[193])
(voice,]%&%[1543])
(vulgar.%&%[830])
(wager?%&%[5641])
(wandering.%&%[1563])
(warlike%&%[124, 279])
(warrant,%&%[3541])
(wary,%&%[793])
(was,%&%[442, 696, 2321, 4956])
(wash%&%[3226])
(watch%&%[84, 248, 633, 701, 1521, 5466])
(watch,%&%[569, 1509, 3359, 4544])
(watch,4%&%[35])
(watchman%&%[799])
(water%&%[5084, 5234, 5234])
(water,%&%[5084])
(water-fly?49%&%[5502])
(way%&%[803, 903, 1844, 2210, 2619, 2810, 3010, 4153])
(way.%&%[2625])
(weaker%&%[5646])
(weapon?%&%[5540])
(wear%&%[1687, 3119, 3194, 4253, 4695, 5004, 5006])
(weasel.%&%[3469, 3471])
(weddings.%&%[4998])
(weeds89%&%[3334])
(weep,%&%[4540])
(weep,91%&%[3354])
(welcome.122%&%[1446])
(welcome.]%&%[1781])
(well.—Follow%&%[2421])
(were,%&%[4135])
(west:%&%[2263])
(whale.%&%[3475])
(wheel%&%[4687, 4996])
(where%&%[110, 185, 599, 603, 1938, 2132, 2321, 2340, 3048, 3742, 3865, 3970, 4063, 4351, 4364, 4380, 4380, 4755])
(where's%&%[4374])
(where,%&%[4151])
(which.%&%[1613, 4047])
(whilst%&%[583, 2025])
(whine%&%[1551])
(whipped%&%[3061])
(whipping?%&%[2401])
(whips%&%[2875, 3966])
(whole%&%[267, 774, 1212, 1777, 2439, 2639, 2695, 2695, 3065, 3379])
(whole,%&%[1537])
(whom%&%[1908, 3847, 3978, 4231])
(why;%&%[2237])
(wicked%&%[1011, 3593, 5358])
(wife,%&%[3316])
(wildness:%&%[2808])
(willingly%&%[299, 2189])
(wince,]%&%[4119])
(winds%&%[446, 751])
(wing%&%[2046])
(winking,%&%[2056, 2601])
(winter's%&%[5275])
(wipe%&%[1318])
(wisdom%&%[2553, 3050, 3391, 5397])
(wisely%&%[3543])
(wisest%&%[273, 4335])
(wish%&%[2804, 2815, 4831])
(wishes%&%[305, 5004])
(witchcraft%&%[1227])
(withal,%&%[2222])
(withal.57%&%[3083])
(withall,%&%[2189])
(without.]%&%[978, 2255])
(wits,%&%[4683])
(wittingly,%&%[5080])
(woe,%&%[2376])
(wonder.%&%[4147])
(wondrous%&%[1444])
(wonted%&%[2810])
(woodcock%&%[5783])
(words.%&%[2170, 4169])
(words.—%&%[3696])
(wore%&%[654, 1657, 2585, 4998])
(working,%&%[2435])
(world!48%&%[432])
(worlds%&%[4634, 4988])
(worms]%&%[4958])
(wring%&%[3667])
(wrist,%&%[1821])
(write,%&%[1677])
(written%&%[3344])
(yea,%&%[2535])
(year,%&%[5202])
(yet?%&%[3194])
(yonder%&%[3465])
(you%&%[26, 33, 47, 56, 147, 213, 309, 374, 477, 485, 503, 507, 511, 511, 605, 629, 633, 649, 712, 714, 723, 756, 778, 822, 883, 897, 916, 920, 920, 926, 936, 950, 1046, 1050, 1056, 1080, 1088, 1101, 1382, 1410, 1412, 1421, 1436, 1454, 1474, 1474, 1629, 1629, 1633, 1635, 1647, 1689, 1707, 1729, 1781, 1787, 1854, 1856, 1882, 1884, 1892, 1894, 1908, 1919, 1934, 2005, 2040, 2044, 2048, 2060, 2086, 2134, 2146, 2148, 2152, 2160, 2168, 2176, 2178, 2182, 2191, 2210, 2214, 2222, 2222, 2222, 2233, 2237, 2237, 2241, 2243, 2243, 2247, 2259, 2269, 2307, 2313, 2313, 2317, 2397, 2397, 2397, 2397, 2411, 2411, 2411, 2417, 2421, 2613, 2613, 2741, 2819, 2912, 2934, 2936, 2936, 2949, 2953, 2957, 2961, 2963, 2965, 2975, 2977, 2981, 2981, 2981, 2981, 2981, 3030, 3036, 3038, 3061, 3061, 3065, 3071, 3158, 3162, 3166, 3180, 3236, 3267, 3267, 3271, 3304, 3310, 3314, 3316, 3324, 3401, 3407, 3407, 3407, 3407, 3413, 3413, 3415, 3417, 3423, 3423, 3427, 3437, 3437, 3441, 3457, 3457, 3457, 3457, 3457, 3457, 3457, 3457, 3457, 3457, 3465, 3543, 3549, 3553, 3553, 3555, 3565, 3589, 3591, 3593, 3600, 3609, 3611, 3611, 3613, 3615, 3663, 3724, 3728, 3730, 3732, 3798, 3821, 3833, 3841, 3847, 3850, 3854, 3859, 3911, 3915, 3991, 3995, 3995, 4009, 4009, 4009, 4009, 4011, 4011, 4081, 4097, 4127, 4143, 4153, 4153, 4153, 4161, 4165, 4169, 4169, 4169, 4169, 4269, 4273, 4273, 4273, 4318, 4384, 4384, 4384, 4388, 4513, 4513, 4540, 4579, 4681, 4687, 4695, 4727, 4731, 4733, 4753, 4771, 4784, 4791, 4804, 4809, 4819, 4842, 4847, 4849, 4863, 4895, 4974, 5010, 5090, 5116, 5206, 5230, 5230, 5238, 5249, 5368, 5452, 5454, 5508, 5526, 5534, 5548, 5554, 5562, 5578, 5595, 5597, 5648, 5762, 5764])
(you,—%&%[5849])
(you.%&%[562, 676, 727, 753, 879, 1691, 2187, 2214, 2218, 2277, 2279, 2334, 3240, 3377, 3397, 3445, 3449, 3615, 4273, 4544, 4723, 4833, 5186])
(you:%&%[732, 924, 954, 1406, 1484, 2243, 2798, 3518, 4827])
(your%&%[18, 92, 301, 307, 309, 370, 372, 374, 474, 481, 501, 505, 509, 513, 550, 555, 573, 716, 723, 730, 776, 783, 820, 899, 907, 954, 1099, 1388, 1408, 1450, 1476, 1495, 1495, 1575, 1585, 1599, 1599, 1633, 1643, 1647, 1647, 1667, 1667, 1675, 1707, 1894, 1896, 1910, 1917, 1921, 1930, 2052, 2164, 2210, 2214, 2218, 2218, 2237, 2237, 2237, 2317, 2317, 2321, 2374, 2397, 2401, 2401, 2571, 2627, 2629, 2629, 2629, 2629, 2685, 2760, 2800, 2806, 2808, 2812, 2921, 2955, 2957, 2957, 2969, 2981, 2981, 2981, 3061, 3061, 3063, 3065, 3065, 3065, 3071, 3079, 3172, 3184, 3190, 3210, 3212, 3238, 3316, 3324, 3393, 3397, 3401, 3401, 3423, 3423, 3423, 3423, 3427, 3453, 3453, 3516, 3569, 3605, 3663, 3667, 3724, 3726, 3734, 3772, 3790, 3792, 3798, 3802, 3821, 3825, 3825, 3869, 3889, 3891, 3995, 3995, 3995, 3995, 4007, 4013, 4013, 4049, 4085, 4127, 4153, 4153, 4153, 4153, 4153, 4153, 4153, 4155, 4366, 4384, 4466, 4520, 4522, 4540, 4567, 4652, 4657, 4659, 4695, 4729, 4733, 4735, 4764, 4776, 4776, 4776, 4821, 4823, 4840, 4851, 4857, 4868, 4893, 4895, 4897, 4903, 5006, 5016, 5024, 5030, 5030, 5044, 5044, 5046, 5116, 5234, 5234, 5249, 5249, 5249, 5249, 5249, 5366, 5466, 5470, 5508, 5512, 5520, 5554, 5558, 5564, 5566, 5578, 5595, 5601, 5614, 5628, 5760])
(yourself.%&%[8, 4384])
(yourself:%&%[507])
(yourselves%&%[2981, 4009])
(youth%&%[762, 3746])
(youth,%&%[1216, 5124])
(you—shall%&%[1787])
(—See%&%[2673])
